  0.000000000000000   0.000000000000000
  0.000000000000000   1.000000000000000
  1.000000000000000   0.000000000000000
  1.000000000000000   1.000000000000000
  0.000000000000000   0.066666666666667
  0.000000000000000   0.133333333333333
  0.000000000000000   0.200000000000000
  0.000000000000000   0.266666666666667
  0.000000000000000   0.333333333333333
  0.000000000000000   0.400000000000000
  0.000000000000000   0.466666666666667
  0.000000000000000   0.533333333333334
  0.000000000000000   0.600000000000000
  0.000000000000000   0.666666666666667
  0.000000000000000   0.733333333333334
  0.000000000000000   0.800000000000001
  0.000000000000000   0.866666666666667
  0.000000000000000   0.933333333333334
  0.066666666666667   0.000000000000000
  0.133333333333333   0.000000000000000
  0.200000000000000   0.000000000000000
  0.266666666666667   0.000000000000000
  0.333333333333333   0.000000000000000
  0.400000000000000   0.000000000000000
  0.466666666666667   0.000000000000000
  0.533333333333334   0.000000000000000
  0.600000000000000   0.000000000000000
  0.666666666666667   0.000000000000000
  0.733333333333334   0.000000000000000
  0.800000000000001   0.000000000000000
  0.866666666666667   0.000000000000000
  0.933333333333334   0.000000000000000
  0.066666666666667   1.000000000000000
  0.133333333333333   1.000000000000000
  0.200000000000000   1.000000000000000
  0.266666666666667   1.000000000000000
  0.333333333333333   1.000000000000000
  0.400000000000000   1.000000000000000
  0.466666666666667   1.000000000000000
  0.533333333333334   1.000000000000000
  0.600000000000000   1.000000000000000
  0.666666666666667   1.000000000000000
  0.733333333333334   1.000000000000000
  0.800000000000001   1.000000000000000
  0.866666666666667   1.000000000000000
  0.933333333333334   1.000000000000000
  1.000000000000000   0.066666666666667
  1.000000000000000   0.133333333333333
  1.000000000000000   0.200000000000000
  1.000000000000000   0.266666666666667
  1.000000000000000   0.333333333333333
  1.000000000000000   0.400000000000000
  1.000000000000000   0.466666666666667
  1.000000000000000   0.533333333333334
  1.000000000000000   0.600000000000000
  1.000000000000000   0.666666666666667
  1.000000000000000   0.733333333333334
  1.000000000000000   0.800000000000001
  1.000000000000000   0.866666666666667
  1.000000000000000   0.933333333333334
  0.487986021817322   0.496211206762767
  0.615208614449886   0.259633266642247
  0.252762194921271   0.617918840916178
  0.750847202611356   0.617777542305958
  0.382584522986632   0.254109219703024
  0.506629273316962   0.753270544521611
  0.203502235442550   0.322151041215185
  0.804358990596371   0.326906155597423
  0.291356156950313   0.813355151135375
  0.780030361115690   0.802811367607783
  0.666820618214453   0.436130111510164
  0.325720626926426   0.436109898674032
  0.234806362310632   0.164731787382102
  0.754718161927078   0.165990969824739
  0.148459394282691   0.766710953779132
  0.394699475486037   0.648285607225770
  0.772448969105513   0.477640715470820
  0.239004629629630   0.466782407407408
  0.455914780019199   0.111262190185635
  0.528702513963936   0.366479331261438
  0.632034937750553   0.539513929105579
  0.468008695226772   0.872547567376208
  0.646641891104373   0.650341195330050
  0.884772122878560   0.746109497818264
  0.643906858649487   0.821360084226055
  0.115507659990009   0.569546754685327
  0.881338092524810   0.574167051860903
  0.653661144148679   0.128577507157227
  0.115829312417252   0.425953611485572
  0.877484020079466   0.432235095033751
  0.174058402518426   0.891487492763035
  0.493891080466088   0.236853887100932
  0.396526373785689   0.754725224944592
  0.883023008495692   0.830822181788873
  0.352421780953307   0.112191435302255
  0.125123704855613   0.167953071365655
  0.881172911028913   0.185005544370101
  0.522809764207065   0.633357855460544
  0.439576738065547   0.425951578325749
  0.387669488685352   0.551629947215893
  0.593386537164424   0.918761108013631
  0.683981432002372   0.903621627510787
  0.274049350955684   0.261656589010580
  0.722229447753543   0.265622388386144
  0.719160179402226   0.713391093451717
  0.344371689260703   0.333339811594949
  0.623705003296088   0.353518599784114
  0.106530097726718   0.302058328167872
  0.911507872543698   0.299623195190089
  0.159389424747088   0.659840159018593
  0.233586877775071   0.727125921680587
  0.313777281760798   0.907219895652902
  0.796722297587112   0.908750373271197
  0.823082485185476   0.084964247006737
  0.178986743521032   0.087177966114863
  0.326133866891654   0.689683518282242
  0.706872134647995   0.365570134636585
  0.545425100705537   0.095703534643654
  0.824740218448294   0.662254722893794
  0.912544546277807   0.076206589003552
  0.090625000000000   0.073958333333333
  0.083554278772994   0.904434889247537
  0.443206539593694   0.330827444182454
  0.566105571468728   0.453345505799367
  0.544880391715046   0.832549950038154
  0.334858888802379   0.828706344959164
  0.914128295172948   0.653762877183158
  0.077076099537037   0.684561631944445
  0.903155177771125   0.917001807427086
  0.266238975763581   0.376696743350496
  0.302212295685270   0.523088265086641
  0.227992366331656   0.250515621132790
  0.749647830448961   0.077742739930396
  0.782707211116803   0.246864464968743
  0.270892476316015   0.083780422132202
  0.671483522387685   0.204063309479648
  0.605159030390084   0.151970573256438
  0.294802132113143   0.189341097988656
  0.339296180341177   0.596871290401866
  0.828358800413711   0.741307647013502
  0.170704346126684   0.506500971363809
  0.796886027394618   0.546742950804636
  0.661264933818302   0.731019579444089
  0.059751157407407   0.483362268518519
  0.940248842592593   0.483362268518519
  0.462306847256952   0.580963768995862
  0.122364827045355   0.849408447618405
  0.218392405200464   0.780331933634766
  0.755283960900200   0.549533108925699
  0.462326835355381   0.690999726027898
  0.800757826991220   0.396777793325907
  0.201486368283267   0.403365459149764
  0.077500752310576   0.785928501329375
  0.396709831864907   0.903838204998201
  0.563276645599160   0.573210758420550
  0.215116337512784   0.942881609727741
  0.565351673896611   0.687629414223725
  0.404260584983489   0.175066333827213
  0.482479566765446   0.921256087243212
  0.860836362373192   0.501363117459447
  0.250527464450084   0.847041611457757
  0.051357742394690   0.344731328704214
  0.946320082434529   0.346866075034521
  0.711210356810032   0.560669780127099
  0.115128747060340   0.347285443016716
  0.901722871477766   0.364048590570702
  0.522637598920608   0.420759099291513
  0.567913259620916   0.792445291894518
  0.435930618338119   0.074820439680203
  0.497080261165435   0.831948615523096
  0.722504319198169   0.805955823299953
  0.505998135533060   0.163929166073745
  0.567651999606447   0.305344391915697
  0.063023731102754   0.252963482335560
  0.947429753250301   0.245196335879386
  0.200729068880350   0.554355922142948
  0.438133446823251   0.474894888007225
  0.160757112318063   0.288698860277641
  0.820021677263554   0.283576204717555
  0.711785503706122   0.137639681886302
  0.731274343038657   0.855556373444048
  0.082233221388103   0.641803560679941
  0.610322044850783   0.054130776218967
  0.672158052712759   0.047326135083317
  0.061788015899634   0.538837436624495
  0.938019057869254   0.551467159996949
  0.506944444444445   0.052083333333333
  0.694518367604628   0.515398661945797
  0.411332793979257   0.830711063410182
  0.934279683487152   0.770313004114294
  0.776892326614570   0.688839228600100
  0.669237511308439   0.288308598023387
  0.395385215394144   0.361781359697016
  0.059296812345182   0.865082143075618
  0.178637970392663   0.189865421714329
  0.843592875833488   0.227678520799967
  0.552642750771003   0.246934059382140
  0.840165915265985   0.787946813093150
  0.833610098739460   0.838976552713683
  0.806162390689301   0.601495788323046
  0.179136088611684   0.140221396236563
  0.702424761959076   0.648787304804977
  0.829393981805754   0.957516704563047
  0.061806585385438   0.159536404863337
  0.950241225937076   0.151881728525380
  0.060432283474167   0.412937367806505
  0.932243119339747   0.412373234164933
  0.821032942693777   0.441230344034807
  0.715636011523150   0.413432441831884
  0.336215404252130   0.774213199815397
  0.275586990064480   0.762742833545360
  0.621184421239626   0.958360410461108
  0.563914060869648   0.632079755291341
  0.257734174924373   0.334753396855161
  0.151906189634831   0.937504077682194
  0.430902358093013   0.950617281532435
  0.873861962834470   0.124245561920702
  0.341529448117302   0.058502428284424
  0.618233883084637   0.596522320357511
  0.935257325021805   0.817590670602031
  0.578757559409001   0.517145329728743
  0.199198295042205   0.850425232283444
  0.408682456477601   0.119038929412247
  0.122754273183150   0.251683044689576
  0.895975556577669   0.237675045223354
  0.396641069348228   0.450218980003535
  0.745778414627822   0.214103674598813
  0.617006558667401   0.408016307325683
  0.626451734993283   0.478469374622949
  0.463199311385995   0.623498940970196
  0.565486111917950   0.050777569574147
  0.249780092366669   0.534806984700776
  0.111744062861973   0.509757029587780
  0.737032232217022   0.767921788553607
  0.291497711307037   0.656187234303214
  0.458096984573425   0.738398647268225
  0.347093923506379   0.389425544710068
  0.379887872040891   0.599541915616862
  0.871399742080265   0.875823900214114
  0.347695493235867   0.169470512373277
  0.943345782498061   0.609846447311062
  0.437071935113394   0.247968654979077
  0.341076285327448   0.498361973746281
  0.394538375157497   0.321720709996826
  0.957031250000000   0.698350694444445
  0.654220920138889   0.376633632330247
  0.503137611163423   0.319941745941641
  0.768714622057767   0.955520737790878
  0.092005140486195   0.122509053997710
  0.294277964670864   0.134137117243931
  0.852963654922606   0.389075503988318
  0.514559268482204   0.877106333318167
  0.048531490204706   0.100740257075543
  0.956386711166930   0.099193774069442
  0.166729671356703   0.599871337716858
  0.483596993595695   0.398955031903973
  0.277790777539147   0.571110586242179
  0.180895505956607   0.451243059309204
  0.839396875642437   0.173517824209569
  0.150931073372168   0.713774336007363
  0.358133857588788   0.945874224948553
  0.328441082246339   0.271594116849096
  0.204060199303150   0.641894131513404
  0.296655169761325   0.954486146300756
  0.566495116410228   0.960401445832148
  0.627814220911620   0.875526447630434
  0.343087165747035   0.639838188202021
  0.926857701657002   0.872176640457445
  0.411602624711961   0.700333764016055
  0.674982191875680   0.856947667915243
  0.243500806049257   0.040760730168128
  0.757314168133910   0.337540463073462
  0.710226427185086   0.955809849086349
  0.458701417810386   0.160446059135564
  0.108780964600384   0.952333105254245
  0.742621160859118   0.910987586122182
  0.481189448971034   0.446150457508160
  0.509571312053952   0.570455558862388
  0.856082867197465   0.328739590717045
  0.337816213738167   0.220179071898849
  0.561055990034958   0.400798137322394
  0.260862011492127   0.912162314512372
  0.133938921985221   0.110357203350682
  0.896860201138668   0.789891094532939
  0.961051541645706   0.298337121220799
  0.049921716146543   0.305639917554053
  0.558723377928638   0.743646689813652
  0.625171618055091   0.311618018854903
  0.802935089258780   0.136440813293116
  0.530139528913248   0.199453843181120
  0.040074003522234   0.907750945751887
  0.188342047746527   0.742425588840567
  0.297568174589885   0.862997691834669
  0.227448151034953   0.369182883064169
  0.853647232755522   0.703650993776945
  0.616710767009600   0.771457845868524
  0.862352819611160   0.624770615380946
  0.597108871283412   0.100903730815467
  0.789472116898578   0.856666390581231
  0.095546331367358   0.736882098491988
  0.359294512278273   0.722769547330463
  0.512099936116009   0.705154945265771
  0.257211814686566   0.218042064750834
  0.818373555366810   0.499397618551117
  0.582946907162307   0.360324366401948
  0.669310348156375   0.689546586950994
  0.710903977421313   0.185865397107952
  0.595042519313903   0.828127922371010
  0.777443277159805   0.043862115232990
  0.835938973551098   0.040534577546296
  0.161668568486177   0.040796026913967
  0.213283323395913   0.117811447029020
  0.422675449416592   0.868254579033206
  0.092914647236872   0.208251592948088
  0.047502757567798   0.046799933795355
  0.033333333333333   0.966666666666667
  0.954041668162288   0.047019637924993
  0.961970435775873   0.961575738985045
  0.449112711285728   0.205900599847119
  0.437213718083183   0.530299486374483
  0.744619701334317   0.663064011002246
  0.214629221784180   0.895074702193717
  0.669651665362153   0.243585170342635
  0.756783153016925   0.383653960106607
  0.617152689497179   0.704155613862728
  0.281742109588344   0.450576418576896
  0.294406238307604   0.044996272613887
  0.303197097144597   0.608068289710924
  0.887074600195390   0.961000853537283
  0.469356749071782   0.283572426507296
  0.372000457756173   0.293896705278566
  0.040012442762215   0.654036125854065
  0.386941000707966   0.073744935417013
  0.500011522195727   0.116386738060109
  0.921448724949580   0.194925403441035
  0.416569530877944   0.288703210888423
  0.948146487961499   0.921015146235498
  0.440718501824181   0.380382262089163
  0.373249747322233   0.857388870871830
  0.291260396990255   0.308491386174760
  0.196573406292603   0.693175113546475
  0.921367985629679   0.120218236246871
  0.716602664924189   0.314405717969084
  0.128635231543998   0.892577108897724
  0.047096943401051   0.612481739390135
  0.043499266064446   0.763595836739750
  0.780418681524191   0.646644527303074
  0.148518044891980   0.386573886499377
  0.852778863890864   0.916577687086309
  0.242446064864588   0.291861330285829
  0.045589157028339   0.205097134842228
  0.534893311803286   0.491702485126431
  0.717824527480818   0.466580594147605
  0.153970337251286   0.334390584667275
  0.794854771401068   0.194099377949158
  0.380280864161276   0.805782043521681
  0.474140215082143   0.083807172456656
  0.310705581673019   0.086721535115340
  0.176572196758528   0.803739752074336
  0.586701483974203   0.203179351501599
  0.635671539995193   0.217985510411810
  0.348912353278805   0.535112686721963
  0.429306980333700   0.791528678498273
  0.280871124420110   0.707578316391650
  0.635312413802038   0.179466454092922
  0.538765497144207   0.920338170915864
  0.300551125965266   0.357803663891850
  0.569074739121901   0.875401655381210
  0.676277131968355   0.602751455678901
  0.374152960796974   0.035036161139705
  0.247661525275851   0.415902842207663
  0.674127922928706   0.481251369625198
  0.120777671429065   0.626696908326070
  0.957604320449690   0.650724885774607
  0.684569486284978   0.776336663647375
  0.111979166666667   0.036979166666667
  0.888020833333334   0.036979166666667
  0.085339165764890   0.378183715632618
  0.267245075286137   0.494552672260364
  0.676565451064871   0.167614062668918
  0.366963529022992   0.680182125011310
  0.045453275622123   0.817918719750163
  0.779063662261442   0.741062142822250
  0.440155180273346   0.903302744036652
  0.042495359530638   0.707512312638863
  0.117559751829047   0.683571392503634
  0.767205693298062   0.295819232452069
  0.637175534416119   0.922348552123660
  0.892514540549186   0.522765249686350
  0.854282661997437   0.469102954067263
  0.893686429473942   0.471288595257191
  0.526530928136327   0.531777631089208
  0.410038723774806   0.218137523171448
  0.377163864504785   0.207642807500805
  0.212230428876848   0.598418121570141
  0.751582015850680   0.118214563017052
  0.733524366877268   0.048609379440101
  0.663846896301974   0.948028087836381
  0.866727562082749   0.072495315136126
  0.220098773253825   0.817157966467016
  0.202573937756059   0.278875920452101
  0.154554763711043   0.547805778867217
  0.958586516203704   0.197894965277778
  0.334942104464891   0.870709328755257
  0.704009405510503   0.222647987983038
  0.522263797216147   0.277139615951247
  0.552934810427896   0.147360991076019
  0.484721765469547   0.541941530416941
  0.599868882029983   0.332701344239165
  0.092422823012535   0.826239170689566
  0.911806387144491   0.152188176244335
  0.828927383905539   0.879372483505129
  0.820555377824942   0.360510591351431
  0.133234289368322   0.470220664732984
  0.426240299908173   0.613863861701798
  0.386285122989231   0.500794444714204
  0.297004944036760   0.229486034282943
  0.478458154747082   0.788926126791454
  0.378265078912566   0.143941802728748
  0.681015685280248   0.398957709937136
  0.479872432028186   0.359317163075734
  0.496575541149909   0.611428927136145
  0.294862006976460   0.404430912723160
  0.872539009758983   0.671343118387338
  0.218037759569860   0.501724803422708
  0.927739115309132   0.730882249559971
  0.531979110410389   0.663732964914629
  0.865436169883175   0.275458511329602
  0.702826252010365   0.084174649704922
  0.077470397142658   0.594205850064237
  0.788613549417045   0.361053913128462
  0.714880037442089   0.602967187287348
  0.666278710547273   0.334462926923252
  0.525614119749013   0.790464536430414
  0.901973079891514   0.700437327397498
  0.806882931078026   0.768288121758813
  0.418663645194910   0.575259795980979
  0.469000771604938   0.061776620370370
  0.928320767701213   0.953513250980358
  0.451143722478140   0.830652771772070
  0.843454318943300   0.547565220859891
  0.907836809535246   0.602802830346604
  0.702576489691227   0.036671831446002
  0.067316794013957   0.941251128152392
  0.764329090086513   0.429754655921739
  0.973738346375696   0.623227846678253
  0.968236942206780   0.440648542810148
  0.970124421296296   0.508347800925926
  0.086998219479093   0.457648651918557
  0.040948153357448   0.443659831962881
  0.030588062923636   0.505552051198350
  0.253373519149823   0.804480131414275
  0.664718478077630   0.557028733055877
  0.781707687408037   0.093607875874139
  0.312057648698662   0.477955396545710
  0.921985095276690   0.040051348398803
  0.079193397725283   0.039434358448839
  0.598285589392432   0.556659242707802
  0.187101626541832   0.363102349217245
  0.641968750000001   0.038093750000000
  0.968750000000000   0.577083333333334
  0.037418870748086   0.575868700679451
  0.691447439809394   0.823231322506535
  0.646752105195534   0.077690444265660
  0.248257644529876   0.115658893360938
  0.740339983877222   0.581966656861639
  0.602065834566349   0.655447985408067
  0.977206935535195   0.170777506784123
  0.661472324434018   0.514536038745703
  0.765205517083413   0.884150180125024
  0.178171909823436   0.241152749349060
  0.217293355998381   0.434187734600924
  0.215363017204131   0.212871804808174
  0.440676929584364   0.655860743846681
  0.736760808190749   0.512512682214944
  0.225154105231915   0.081223601956647
  0.355362564600324   0.897006105045349
  0.531229464775947   0.604106571034194
  0.237865523729817   0.575739220473580
  0.490280014594074   0.655380581617111
  0.158293966232867   0.848697616611149
  0.134916477174835   0.812093090503895
  0.891103416454896   0.399433105939426
  0.320927461387257   0.567041916564973
  0.137834495633972   0.069857987908397
  0.139226739550484   0.212261721144419
  0.182207709716167   0.773411503364670
  0.187725941645771   0.926293698769808
  0.355311174758845   0.569792937841749
  0.776372890814412   0.516368397954707
  0.961035761472287   0.740122615558483
  0.081655493818636   0.335579746615095
  0.243225252336540   0.673979926391918
  0.968220266653127   0.888424971183237
  0.111061687878535   0.784676774569570
  0.654745724030502   0.404910730834279
  0.397291964491296   0.405434625879403
  0.364219416730135   0.429246440039417
  0.515205894603783   0.460130940757735
  0.178616386123392   0.962176806760208
  0.247901611382563   0.961893977384877
  0.354349499378348   0.465043150930047
  0.201862044657676   0.049991665030721
  0.966067058666387   0.848971789781876
  0.813180901072582   0.706820471261231
  0.770133698314171   0.578938185591169
  0.848326905442143   0.586999669106197
  0.315620379581329   0.731397483073023
  0.097221866612210   0.867614904353357
  0.487568574801702   0.193316711067696
  0.447916666666667   0.031250000000000
  0.512300909579777   0.964948985602286
  0.028645833333333   0.178645833333333
  0.037914059597551   0.375038513044053
  0.971383940596334   0.373476173539152
  0.408988249301945   0.042970307247384
  0.473079895800681   0.959274613579227
  0.035181032717381   0.937250518476070
  0.027153222032773   0.231181820961114
  0.976271545763850   0.225692421729012
  0.000000000000000   0.033333333333333
  0.000000000000000   0.100000000000000
  0.000000000000000   0.166666666666667
  0.000000000000000   0.233333333333333
  0.000000000000000   0.300000000000000
  0.000000000000000   0.366666666666667
  0.000000000000000   0.433333333333333
  0.000000000000000   0.500000000000000
  0.000000000000000   0.566666666666667
  0.000000000000000   0.633333333333334
  0.000000000000000   0.700000000000000
  0.000000000000000   0.766666666666667
  0.000000000000000   0.833333333333334
  0.000000000000000   0.900000000000001
  0.000000000000000   0.966666666666667
  0.033333333333333   0.000000000000000
  0.100000000000000   0.000000000000000
  0.166666666666667   0.000000000000000
  0.233333333333333   0.000000000000000
  0.300000000000000   0.000000000000000
  0.366666666666667   0.000000000000000
  0.433333333333333   0.000000000000000
  0.500000000000000   0.000000000000000
  0.566666666666667   0.000000000000000
  0.633333333333334   0.000000000000000
  0.700000000000000   0.000000000000000
  0.766666666666667   0.000000000000000
  0.833333333333334   0.000000000000000
  0.900000000000001   0.000000000000000
  0.966666666666667   0.000000000000000
  0.033333333333333   1.000000000000000
  0.100000000000000   1.000000000000000
  0.166666666666667   1.000000000000000
  0.233333333333333   1.000000000000000
  0.300000000000000   1.000000000000000
  0.366666666666667   1.000000000000000
  0.433333333333333   1.000000000000000
  0.500000000000000   1.000000000000000
  0.566666666666667   1.000000000000000
  0.633333333333334   1.000000000000000
  0.700000000000000   1.000000000000000
  0.766666666666667   1.000000000000000
  0.833333333333334   1.000000000000000
  0.900000000000001   1.000000000000000
  0.966666666666667   1.000000000000000
  1.000000000000000   0.033333333333333
  1.000000000000000   0.100000000000000
  1.000000000000000   0.166666666666667
  1.000000000000000   0.233333333333333
  1.000000000000000   0.300000000000000
  1.000000000000000   0.366666666666667
  1.000000000000000   0.433333333333333
  1.000000000000000   0.500000000000000
  1.000000000000000   0.566666666666667
  1.000000000000000   0.633333333333334
  1.000000000000000   0.700000000000000
  1.000000000000000   0.766666666666667
  1.000000000000000   0.833333333333334
  1.000000000000000   0.900000000000001
  1.000000000000000   0.966666666666667
  0.199466632763233   0.476483931365956
  0.983033529333194   0.824485894890938
  0.983033529333194   0.857819228224272
  0.169816065640301   0.931898888226001
  0.358186073508438   0.313618258436757
  0.048017123886252   0.073770095435449
  0.605396248579777   0.528329629417161
  0.232477440637116   0.425045288404294
  0.820170173168959   0.547154085832264
  0.072885724619528   0.395560541719562
  0.031511865551377   0.259815074501113
  0.379874193745708   0.230876013601915
  0.852145340658246   0.524464169159669
  0.072930032195975   0.019717179224419
  0.572431565438865   0.485245417764055
  0.931057513339404   0.844883655529738
  0.890816162008614   0.768000296175602
  0.824808354816300   0.574530504591469
  0.889941604817180   0.810356638160906
  0.899128721868634   0.874000270335779
  0.571017102504081   0.545178044074647
  0.242641417427998   0.498138737841536
  0.201177581714976   0.910684200481763
  0.765632942067773   0.632211034804516
  0.390712224744137   0.191354570664009
  0.084776914414736   0.277510905251716
  0.988135772881925   0.212846210864506
  0.988135772881925   0.246179544197839
  0.084909198862641   0.056696345891086
  0.383269416456835   0.307808707637696
  0.336407275216402   0.412767721692050
  0.950662191844096   0.833281230191954
  0.350220770001256   0.282745411063831
  0.116928605328435   0.382378801065997
  0.802579449986242   0.654449625098434
  0.915569942312910   0.780102049323616
  0.830913937155055   0.523481419705504
  0.345732806383541   0.361382678152508
  0.868513058202326   0.788918953813044
  0.362429678870326   0.188556659937041
  0.946462380161695   0.860574215119660
  0.122002862825025   0.751796526135560
  0.916058763080237   0.803740882567485
  0.967139841743576   0.785156502057147
  0.024265745102353   0.083703461871105
  0.024265745102353   0.117036795204438
  0.225084689757381   0.188801796095138
  0.778655504069380   0.667741877951587
  0.357490039121476   0.213910939699827
  0.909525903182856   0.758211250966279
  0.793290536106746   0.624070157813060
  0.107393825028945   0.837823809153986
  0.961850649507075   0.235444378804199
  0.084961787661555   0.806083836009470
  0.086311215452198   0.710721865218217
  0.867984429746243   0.535165235273121
  0.371239569450261   0.375603452203542
  0.016666666666667   0.983333333333334
  0.412916677059694   0.773126951721433
  0.086523541838967   0.761405299910682
  0.016666666666667   0.950000000000001
  0.221677691767894   0.231693712970482
  0.075859817678858   0.845660656882592
  0.050000000000000   0.983333333333334
  0.030216141737083   0.406468683903253
  0.063348077646541   0.043117146122097
  0.906255619093846   0.738495873689117
  0.069578245102353   0.087349295204438
  0.690212556610264   0.722205336447903
  0.393601294139795   0.212890165336126
  0.197000493798397   0.201368613261251
  0.762519191429254   0.654854269152660
  0.420319887156478   0.811119870954228
  0.123238702369763   0.725328217249675
  0.088130797945709   0.419445489646039
  0.095586282195975   0.038206762557753
  0.371490331722099   0.560711442528821
  0.253124852457883   0.480667539833886
  0.055169037795072   0.130138330969440
  0.443701982453562   0.764963662883249
  0.967143662659757   0.868698380482557
  0.020006221381107   0.627018062927032
  0.020006221381107   0.660351396260366
  0.403151050098999   0.674309685620912
  0.931009399398142   0.750597626837132
  0.347303677550011   0.583332114121808
  0.404064499248825   0.727529494480323
  0.070268315345451   0.111624655536626
  0.236287415945348   0.215456934779504
  0.284728685485704   0.508820468673503
  0.475244130996109   0.896901827309710
  0.967429030983777   0.211793693503395
  0.894587451030028   0.588484941103754
  0.068938049317329   0.822078945219864
  0.942385182654566   0.714616472002208
  0.436964730033671   0.695666745021976
  0.910982552354097   0.628282853764881
  0.186628348780315   0.870956362523239
  0.232496311899059   0.608168481243159
  0.404793922247488   0.798655361009977
  0.367599523399868   0.584667426729305
  0.058544271149626   0.669298878899255
  0.980525770822853   0.282501893943733
  0.980525770822853   0.315835227277066
  0.258512583826403   0.514679828480570
  0.818960559760438   0.684537597077512
  0.922927933702250   0.577134995171776
  0.973714876625150   0.255931501273026
  0.820769850743146   0.724064059137367
  0.434849804642693   0.719366205642140
  0.061122832075159   0.647919843267003
  0.224862879746144   0.848733421870601
  0.936279707094702   0.298980158205444
  0.615160263571493   0.548086585906691
  0.196767463513783   0.227012277078617
  0.925591296016654   0.606324638828833
  0.929468812896999   0.272409765534737
  0.795036613843576   0.697829849930666
  0.132173678654616   0.406263748992474
  0.206479748878599   0.576387021856545
  0.274493592437240   0.472564545418630
  0.387293673763464   0.623913761421316
  0.352111764018825   0.552452812281856
  0.953685812040117   0.322601598127660
  0.954240647448003   0.271766728550092
  0.885094814573203   0.613786722863775
  0.383778680363121   0.575585931416377
  0.580781117495796   0.564935000564176
  0.175002206587624   0.394969672824570
  0.896489649086702   0.168596860307218
  0.131823395976160   0.366929664758046
  0.359592026191034   0.598206603009364
  0.189480050116776   0.599144729643499
  0.208145314089999   0.620156126541772
  0.377910443031981   0.738747386137528
  0.833414066914052   0.705235732519088
  0.608259736238534   0.576590781532656
  0.417688202535201   0.652073175536225
  0.588521574400716   0.536902286218273
  0.342714189584963   0.706226532806353
  0.029875578703704   0.475014467592593
  0.748026253008398   0.701115161025909
  0.978193355583465   0.082930220368054
  0.978193355583465   0.116263553701388
  0.338119318073051   0.568417427203361
  0.800816272531432   0.675546975746947
  0.977020834081144   0.023509818962497
  0.257229001097591   0.717352119036119
  0.164706775424294   0.418908472904290
  0.303502495655882   0.698630917336946
  0.943687500747811   0.023509818962497
  0.931023806540783   0.152034952384857
  0.451501882469872   0.673430234937289
  0.796122281667012   0.723941307041741
  0.892834174989481   0.138216869082519
  0.977020834081144   0.056843152295830
  0.934465628722368   0.087700181536497
  0.347754958265201   0.748491373572930
  0.527394437308727   0.648545410187586
  0.966121559669873   0.406186617082467
  0.774410929959962   0.497004556712764
  0.451938120485179   0.639679842408438
  0.904863569709606   0.422304164599342
  0.933293107220047   0.061613113464273
  0.385448568495117   0.711551655673259
  0.278229057242295   0.735160574968505
  0.548665392153500   0.675681189569177
  0.684621578178947   0.018335915723001
  0.665113297606775   0.148095784913072
  0.717954911512281   0.018335915723001
  0.286184417863574   0.681882775347432
  0.953313968552003   0.125537751297411
  0.426139777148163   0.678097253931368
  0.916627556047036   0.173556789842685
  0.916587186387085   0.136203206245603
  0.659444525262584   0.839153876070649
  0.936245980966170   0.447867751341726
  0.786629459104515   0.531555674379672
  0.765828425857306   0.532950753440203
  0.547946585640019   0.647906360102985
  0.679481811939026   0.880284647713015
  0.939281600887138   0.379619654599727
  0.916982995408757   0.388210912367817
  0.674024486726278   0.185838686074283
  0.024960858073271   0.286153292110360
  0.369681390830636   0.092968185359634
  0.024960858073271   0.319486625443693
  0.760490450462763   0.598357863948564
  0.694175477385496   0.152626872277610
  0.432298618248400   0.115150559798941
  0.955214189664609   0.073106705997218
  0.380552118715454   0.115615182357251
  0.703128267457169   0.856252020679646
  0.522039523263199   0.684443955090200
  0.753150088888879   0.142102766420896
  0.433458614746269   0.634862302774239
  0.687367271201993   0.041998983264659
  0.411435809523043   0.074282687548608
  0.783509862854394   0.562840568197903
  0.762708829607186   0.564235647258434
  0.406471520730545   0.147052631619730
  0.195301930992191   0.342626695216215
  0.797373223090611   0.507883008252912
  0.750614923149821   0.097978651473724
  0.078225906936631   0.303849122860962
  0.422306537407860   0.096929684546225
  0.651398206393650   0.866237057772839
  0.364235224412634   0.066123681850718
  0.693734714243092   0.176739729888435
  0.397811728592783   0.096391932414630
  0.788148044501736   0.590216986957107
  0.731683759778401   0.127927122451677
  0.050639729270617   0.325185623129133
  0.185716707503517   0.530428446753379
  0.824750580738988   0.912664030178753
  0.056472723624648   0.279301699944806
  0.877211375287979   0.853323041001493
  0.194293997412550   0.383233904183504
  0.877967020830994   0.916789747256698
  0.655938932433454   0.173540258380920
  0.509364604716485   0.729212744893691
  0.887277459925695   0.896412853820600
  0.812824840746325   0.894061428388163
  0.642223062879162   0.273970932332817
  0.754604888648131   0.495076698842882
  0.841086422848309   0.937047195824678
  0.777258552554730   0.127327688155084
  0.756566849502580   0.514440540084826
  0.695733479530991   0.276965493204765
  0.718050428284247   0.042640605443052
  0.852504920409863   0.857400226463898
  0.644486778975358   0.154021980625074
  0.980985217887936   0.980787869492523
  0.487213385735695   0.698077335646834
  0.862089302985565   0.896200793650212
  0.538725805006310   0.696392179744748
  0.970124421296296   0.475014467592593
  0.702701370850796   0.060423240575462
  0.141118665673356   0.584709046201092
  0.831268741322499   0.859174518109406
  0.207274888788393   0.366142616140707
  0.746022384545475   0.531022895570321
  0.947651884554603   0.980787869492523
  0.653397968094862   0.191764881786285
  0.163059548051896   0.629855748367726
  0.723985582500390   0.536591231171021
  0.620235722096061   0.165718513674680
  0.980985217887936   0.947454536159190
  0.850163562992902   0.877598191859621
  0.715639587897688   0.513955672080370
  0.888472021213437   0.287540853259846
  0.980517880736144   0.736727974445908
  0.167809835716906   0.374838117858311
  0.485098460344717   0.721776796266998
  0.980517880736144   0.770061307779242
  0.170535981896559   0.348746466942260
  0.869926732043127   0.938789270311796
  0.796740955899645   0.459435529752814
  0.221750403024628   0.020380365084064
  0.255083736357962   0.020380365084064
  0.183729370118527   0.577113629929903
  0.849258481386621   0.436732719534279
  0.755236841095696   0.580452421226404
  0.809199750402058   0.868019437043180
  0.380831502254515   0.664233866118540
  0.535411657022324   0.724400817539711
  0.066991730340312   0.970625564076196
  0.842728923573365   0.279517358023579
  0.854514522858332   0.251568516064785
  0.346548697957323   0.684932821646776
  0.840853123898202   0.897975085295719
  0.810895384842498   0.419004068680357
  0.270941810700199   0.830198381296566
  0.880705863230422   0.256566778276478
  0.257196641182636   0.062270576150165
  0.947657722479720   0.755217809836388
  0.477963151107463   0.113824464122872
  0.733428850105301   0.024304689720051
  0.075435536393476   0.922843008699964
  0.727292667835783   0.489546638181274
  0.860759518540320   0.302099051023323
  0.522718311450632   0.106045136351881
  0.864832498983476   0.580583360483550
  0.611006948888120   0.191322902797261
  0.635491976898615   0.198725982252366
  0.959033505736144   0.719236655001464
  0.114642185454934   0.276870686428724
  0.620984375000000   0.019046875000000
  0.654317708333334   0.019046875000000
  0.532676325622800   0.748458617167632
  0.503004828864394   0.140157952066927
  0.463059734320287   0.485553047384996
  0.355025347385014   0.660010156606666
  0.389283076867477   0.690257944513683
  0.503477983320086   0.084235035696721
  0.741586098663114   0.063176059685249
  0.092889002142952   0.252323263512568
  0.141755692750606   0.270190952483608
  0.438855092444399   0.450423233166487
  0.222974150153569   0.307006185750507
  0.363129020650632   0.701475836170887
  0.827244648065722   0.594247728714621
  0.562037525912624   0.715638052018688
  0.258247707910136   0.276758959648205
  0.088048879307170   0.946792116703318
  0.563318318774777   0.768045990854085
  0.053695398768095   0.924501036952139
  0.350058637094587   0.140830973837766
  0.812457184210656   0.343708373474427
  0.479356470003057   0.138416398597836
  0.235219215598122   0.271188475709310
  0.050325063673645   0.953958897409529
  0.626145397425392   0.046112263109484
  0.657063401356380   0.042709942541658
  0.246009088498599   0.191386926066468
  0.321248812674505   0.179405805180967
  0.944387438390710   0.735502432559227
  0.855339862526651   0.605885142243572
  0.375978039109678   0.172268423100245
  0.265630582821125   0.239849326880707
  0.810656602408081   0.378644192338669
  0.250090119894480   0.313307363570495
  0.242602090509111   0.234278842941812
  0.369878452327423   0.347560585645982
  0.755483822018536   0.046235747336546
  0.276006973399854   0.203691581369745
  0.202070424376473   0.084200784035755
  0.419295877493919   0.346304401939735
  0.566076017154316   0.919549639464748
  0.506149753779815   0.382717181582705
  0.248023290773965   0.082502012044424
  0.461586865830621   0.412453305114861
  0.678243698079522   0.106376078431074
  0.510622531954827   0.920797129079538
  0.022726637811062   0.808959359875082
  0.022726637811062   0.842292693208415
  0.836759516373774   0.374793047669874
  0.471501895875908   0.221377243474026
  0.845890612192721   0.567282444983044
  0.691228314868801   0.424781276671024
  0.726237041229663   0.080958694817659
  0.838319122511203   0.344625091034238
  0.503117296258151   0.409857065597743
  0.266853230927421   0.300176358230294
  0.025678871197345   0.339032331018774
  0.094092795772677   0.318819037391483
  0.711254073085572   0.389501288234235
  0.707305877858244   0.110907165795612
  0.780836579365141   0.332223309335443
  0.687492152361562   0.065750392394119
  0.234327455640586   0.060992166062388
  0.426686648134609   0.190483466837166
  0.526662382813205   0.898722252117016
  0.552630306777218   0.940369808374006
  0.066506618106663   0.340155537659654
  0.768389029596013   0.453697685696280
  0.098392120439488   0.341432594815905
  0.219218714313914   0.099517524492833
  0.732093151390952   0.351555298855024
  0.061477013966350   0.801923610539769
  0.443092323199561   0.226934627413098
  0.901310817989247   0.189965473905568
  0.665256781484321   0.974014043918190
  0.052375043983653   0.841500431412890
  0.782543458538867   0.413266224623823
  0.888574233803291   0.211340294796728
  0.453907064548057   0.183173329491342
  0.903741714560683   0.268649120206722
  0.320877123236492   0.710540500677632
  0.620190116252489   0.285625642748575
  0.022794578514169   0.202548567421114
  0.673914164152173   0.925824857673584
  0.984375000000000   0.555208333333334
  0.065788604982590   0.320609832084574
  0.984375000000000   0.588541666666667
  0.934439239099940   0.220060869660210
  0.182129673880307   0.305424950746413
  0.792681016390145   0.435492499978273
  0.739982550804831   0.421593548876812
  0.624438310675589   0.332568309319508
  0.921702654913985   0.241435690551370
  0.935844975443328   0.173403565983207
  0.236705874880896   0.098441247658792
  0.133643605022391   0.295378594222757
  0.869784216205578   0.232676783011661
  0.727204133930523   0.101194606360987
  0.718175309443816   0.066392014572512
  0.908712140763624   0.216300224332195
  0.325917891916729   0.752805341444210
  0.295603684822905   0.747070158309191
  0.596411808830769   0.308481205385300
  0.044476270843285   0.790757278244956
  0.083497329791763   0.356881731123856
  0.642515658770800   0.953194249148744
  0.029648406172591   0.865874404871143
  0.647204564681765   0.299963308439145
  0.124531800892787   0.448087138109278
  0.760556121551719   0.406704308014173
  0.928737038835505   0.631804662247110
  0.953384528934627   0.564275246665141
  0.795411262236161   0.488519167010969
  0.054306444065546   0.229030308588894
  0.741076808783665   0.448167625034672
  0.687036661743530   0.951918968461365
  0.337457445929801   0.727083515201743
  0.151969317747503   0.488360818048397
  0.053697871206889   0.182316769852782
  0.940682420183658   0.580656803654005
  0.956047891249031   0.593464890322198
  0.807629791380714   0.523070284677877
  0.334569923180561   0.902113000349125
  0.071425545559088   0.884758516161577
  0.265276486230209   0.594514713579178
  0.839604958870001   0.500380368005282
  0.322461407612984   0.345571737743399
  0.298245752000720   0.719487899732337
  0.376036198232615   0.900422155021775
  0.283395050864423   0.367250203621173
  0.096489028566333   0.581876302374782
  0.462599869950253   0.513255346568625
  0.122489176115147   0.489988847160382
  0.819703249030293   0.470313981292962
  0.650511215359047   0.935188319980020
  0.290001536612209   0.547099425664410
  0.069251902132606   0.206674363895158
  0.157064897662464   0.460731862021094
  0.247993723628906   0.645949383654048
  0.313785780601221   0.793784175475386
  0.412441603384268   0.540964716795188
  0.366370889018909   0.764469212379994
  0.279142650444819   0.346278530373506
  0.688446546925876   0.977904924543174
  0.721779880259210   0.977904924543174
  0.779547011688566   0.771936755215017
  0.238406065055805   0.700552924036252
  0.449760282670068   0.555631627685172
  0.356748211094556   0.921440164996951
  0.323822524735822   0.373614604300959
  0.335537146527254   0.801459772387280
  0.079851809265380   0.618004705372089
  0.069629206521146   0.566521643344366
  0.749111920831834   0.727226618136984
  0.973160041217264   0.340099704183927
  0.263785434952908   0.552958785471477
  0.986869173187848   0.644947256672460
  0.986869173187848   0.611613923339126
  0.437673582453217   0.502597187190854
  0.697103929593729   0.929715738298568
  0.971244173187848   0.600155590005793
  0.803711231337576   0.741184894917876
  0.399577026932288   0.271406215295723
  0.928913977489114   0.323244635112305
  0.364306155961278   0.877197487958590
  0.777977994438006   0.714950685711175
  0.295905761477760   0.333147525033305
  0.267361481821789   0.665083580347566
  0.429888035235819   0.309765327535438
  0.418108903706887   0.438085279164642
  0.018709435374043   0.554601017006392
  0.018709435374043   0.587934350339726
  0.345152334532607   0.883857716900303
  0.758047947239232   0.754491965687928
  0.223642725819845   0.657937028952661
  0.090388072692602   0.886024896800447
  0.778826625592929   0.151215891558927
  0.062283670271855   0.603343794727186
  0.844905023634113   0.078729781071431
  0.109793346828783   0.858511675985881
  0.889636054180278   0.074350952069839
  0.812190333929963   0.305241180157489
  0.739470524621426   0.955665293438614
  0.813008787222128   0.110702530149927
  0.099124034285861   0.610451379195153
  0.417387258085740   0.462556934005380
  0.511439666810304   0.493956845944599
  0.958542064436879   0.616537146994657
  0.078259339478696   0.866348523714487
  0.219899329314571   0.683577519969196
  0.409828229050013   0.251038937341050
  0.426820732995669   0.268335932933750
  0.405553953017720   0.305211960442625
  0.801364444190179   0.265220334843149
  0.262048188378325   0.690779121391784
  0.465481507789741   0.242411271040004
  0.550499441636007   0.472523995462899
  0.870294762458610   0.098370438528414
  0.410469887697105   0.631074734463784
  0.251020858643670   0.256086105071685
  0.049603443323860   0.557353068651973
  0.838398526046625   0.130343187606909
  0.555824710563122   0.363401848831693
  0.442963139974863   0.286137818697859
  0.206722166351648   0.177298604548215
  0.394284994317058   0.291299958083494
  0.603325955229197   0.356921483093031
  0.821165982450608   0.154979318751343
  0.965671333412693   0.636976366226430
  0.444273573582563   0.597413815348830
  0.151880837624138   0.178909246539992
  0.527019614491506   0.618732213247369
  0.556825435606143   0.504423907427587
  0.851333267816924   0.056514946341211
  0.112928549078104   0.880096006625541
  0.581230638143163   0.897081381697421
  0.209950067793118   0.459012733358306
  0.575299453384377   0.332834379158822
  0.148362409186930   0.438598335397388
  0.556977565418473   0.853975802709682
  0.796486270006708   0.343980034362943
  0.547253055187554   0.588658664727372
  0.444719805647084   0.618681401335997
  0.877374197708042   0.054737240901396
  0.747733451972836   0.640420776654102
  0.094822344812373   0.846927037521461
  0.403064085974532   0.606702888659330
  0.225989641487768   0.753728927657676
  0.175799926041646   0.478872015336507
  0.599976732914854   0.384170336863815
  0.042257907074568   0.594175220034793
  0.984110133326563   0.877545818924952
  0.984110133326563   0.910879152258286
  0.191190937119937   0.427304259229484
  0.283471573507397   0.788048992340367
  0.547571762822797   0.618093163162767
  0.731889940368272   0.688227552226982
  0.794685688204132   0.378915853227185
  0.572001448598633   0.380561251862171
  0.254586933919775   0.744934377612973
  0.454081937750059   0.887925155706430
  0.457308098914793   0.135854124660599
  0.520400388414950   0.587281064948291
  0.541817003802052   0.876253994349689
  0.984118471103390   0.420324271405074
  0.984118471103390   0.453657604738407
  0.057444633945372   0.585037275371844
  0.246989697632472   0.771537383590063
  0.598444480016760   0.875464051505822
  0.760756013974443   0.675951619801173
  0.723522231646697   0.655925657903612
  0.974073243980749   0.927174239784416
  0.418432506069127   0.903570474517426
  0.461317373519396   0.912279415639932
  0.582058629217902   0.851764788876110
  0.305901197158305   0.768478016680378
  0.431481001396938   0.167756196481389
  0.772963858775477   0.349297188100962
  0.750248288277450   0.190047322211776
  0.482349776671723   0.162187612604654
  0.733247158855116   0.555101444526399
  0.954242892399686   0.462005405664333
  0.490729827633895   0.215085299084314
  0.925650832866312   0.919008476831292
  0.435528769183180   0.926960012784544
  0.734003931190682   0.239863031492478
  0.553920118133054   0.897869913148537
  0.772698351216985   0.372353936617535
  0.947538984155065   0.880300805820341
  0.764242812872312   0.230484069783778
  0.433691937143994   0.139742494273905
  0.513902502962928   0.607767749085170
  0.512015304689668   0.218153865141026
  0.950240030773263   0.426510888487540
  0.733251832816600   0.151815325855520
  0.682723323927400   0.133108594521764
  0.667677149229441   0.822295703366295
  0.496783355167381   0.178622938570720
  0.219245589227145   0.798744950050891
  0.692322572847636   0.451355352828885
  0.235313118851954   0.832099788962386
  0.745136748293165   0.472110654809212
  0.958183377307313   0.904720058709368
  0.431415314844969   0.885778661534929
  0.804584463620993   0.360782252239947
  0.518068832223154   0.181691504627432
  0.937502094809251   0.896595893346472
  0.209648534148015   0.833791599375230
  0.541391139842125   0.223193951281630
  0.706975879503782   0.814593572903244
  0.711360891424026   0.839393847975292
  0.321644290506359   0.510725119416461
  0.386977305837291   0.526212195965048
  0.473134996306044   0.176881385101630
  0.657976119630374   0.669943891140522
  0.955058461868686   0.941295442610272
  0.508854051857475   0.196385277124408
  0.245313859325544   0.596829030694879
  0.706171447542723   0.490989628046701
  0.694235263779301   0.701468840201356
  0.468340643043715   0.199608655457408
  0.716730269501984   0.440006517989744
  0.862382893431201   0.206342032585034
  0.661459511536364   0.626546325504475
  0.665287640987339   0.710283083197541
  0.412209284906241   0.487844666360714
  0.683214815842537   0.840089495210889
  0.813150043475146   0.237271492884355
  0.732863620026722   0.610372364796653
  0.860284893335675   0.179261684289835
  0.198335485006176   0.810448859270676
  0.391463096168729   0.475506712358869
  0.685867555057726   0.669166945877986
  0.831807276548521   0.255627362758761
  0.219297296305084   0.565047571308264
  0.610592210619813   0.979180205230554
  0.643925543953147   0.979180205230554
  0.363680704158340   0.499578209230242
  0.021247679765319   0.687089489652765
  0.021247679765319   0.720422822986098
  0.693743744389193   0.581710617903000
  0.194343812151303   0.893281097478376
  0.129760541080613   0.775693864174351
  0.776084994147409   0.548138029865168
  0.689350946963716   0.625769380241939
  0.688008463047186   0.799783993076955
  0.243822808048243   0.555273102587178
  0.087723815633525   0.976166552627122
  0.121057148966858   0.976166552627122
  0.607285479202025   0.938560759237370
  0.647255507526496   0.599636888018206
  0.713045197126061   0.581818483707223
  0.841494875737963   0.200598172504768
  0.257828150634482   0.573424903357879
  0.411749420536207   0.515546965544343
  0.214872779648482   0.918978155960729
  0.856629419238454   0.148881693065136
  0.232578343117132   0.871058156825737
  0.985062210648148   0.487507233796296
  0.985062210648148   0.520840567129630
  0.708652399700583   0.625877246046163
  0.094281220094555   0.785302637949473
  0.059785729533837   0.696036972291654
  0.367598738134018   0.517953565718084
  0.423958333333333   0.015625000000000
  0.457291666666667   0.015625000000000
  0.096167621686689   0.928383997250891
  0.110829422393529   0.324671885592294
  0.206913758413192   0.872749967238580
  0.641913588440927   0.422073209417924
  0.440147619944864   0.403166920207456
  0.020037001761117   0.887208806209277
  0.020037001761117   0.920542139542610
  0.955186631944444   0.495855034722222
  0.441962520708937   0.355604853135808
  0.203038086599304   0.300513480833643
  0.620355780981744   0.380767453554898
  0.225047976303333   0.587078671021861
  0.237745616638153   0.903618508353044
  0.591556065068065   0.430680906562525
  0.130343577117607   0.944918591468219
  0.954071739582775   0.529907480461438
  0.755652352077174   0.829183870525916
  0.103304009622946   0.760779436530779
  0.215283152043857   0.264695770792446
  0.418051858609162   0.371081810893089
  0.695578584705222   0.602859321483124
  0.441923642502393   0.053035219840101
  0.650206624672106   0.103133975711443
  0.061814141147614   0.906092917499712
  0.178736286346918   0.328270812941230
  0.069020845448998   0.722197205565426
  0.707627887520515   0.879589000477418
  0.477430555555556   0.041666666666667
  0.181665525037061   0.283787390364871
  0.041253901146426   0.680774219246464
  0.130250217489002   0.318224456417574
  0.462157747709938   0.389668646996568
  0.042997312797542   0.735554074689307
  0.369455032209100   0.327530260795887
  0.049685407933708   0.886416544413752
  0.726889331118413   0.830756098372000
  0.418872457375595   0.326274077089640
  0.101742255445535   0.805457972629568
  0.628537075023158   0.065910610242313
  0.659455078954146   0.062508289674488
  0.752468329435173   0.256243426677443
  0.732811069674196   0.175928183466345
  0.285527147496222   0.245571311646761
  0.134549542155813   0.340838013841996
  0.353743147065154   0.017518080569853
  0.387076480398487   0.017518080569853
  0.583925682610445   0.253283663012194
  0.157363724784675   0.311544722472458
  0.295903538074952   0.209413566135799
  0.523266915618545   0.241893973241536
  0.506544889400569   0.644369218538828
  0.394961795275820   0.341751034846921
  0.691193749904499   0.194964353293800
  0.122989082526685   0.798384932536733
  0.149695233827429   0.740242644893247
  0.222510001310323   0.285368625368965
  0.711344740563717   0.161752539497127
  0.476303424974727   0.673190153822505
  0.621930488239473   0.089297087540563
  0.155160249059628   0.686807247512978
  0.560147375188725   0.276139225648919
  0.642430139906019   0.251609218492441
  0.644991856921681   0.343990763353683
  0.728341196024567   0.199984535853382
  0.312723013141550   0.250540075566019
  0.686575422597634   0.350016530779918
  0.458458719135803   0.046513310185185
  0.660783171122478   0.420520421172222
  0.695940556557848   0.254603779364389
  0.317410578887464   0.224832553090896
  0.151244191071633   0.360482235583326
  0.476739662990034   0.639439761293654
  0.543361912538356   0.632718805375942
  0.277108379361663   0.223764049516888
  0.357841204457138   0.046769294712065
  0.670567593874919   0.223824239911141
  0.667758110927856   0.311385762473319
  0.138474588288067   0.671705775761114
  0.674789178602950   0.080932546985291
  0.563595353234404   0.602645256855945
  0.564632867383129   0.659854584757533
  0.097317925683042   0.684066512224039
  0.713301296430745   0.907304606816485
  0.501189975355041   0.680267763441441
  0.669444588335296   0.265946884183011
  0.769671729223115   0.909868979696690
  0.644360427597767   0.057892097132830
  0.101413765948172   0.441801131702064
  0.489483788123222   0.982474492801143
  0.522817121456555   0.982474492801143
  0.660249815343081   0.355548279626749
  0.906615372010732   0.331835892880396
  0.099896486608575   0.662687476591788
  0.646636176603868   0.457299743066556
  0.380546980752470   0.054390548278359
  0.629243336371918   0.508991651864264
  0.635876141348952   0.406463519079981
  0.645725164301182   0.323040472889077
  0.073374688443250   0.470505460218538
  0.736947751948888   0.883271979783115
  0.354054318062306   0.843047607915497
  0.924021476956148   0.355457332802611
  0.654483322084696   0.390772181582263
  0.135031211850526   0.558676266776272
  0.596278653231006   0.465907440211158
  0.384979789593570   0.880613537935016
  0.168400721014609   0.754568271309850
  0.493427777871991   0.633404754376628
  0.511129562502231   0.659556773265870
  0.691440687735731   0.324434322446168
  0.134245412600607   0.698672864255498
  0.073715251476630   0.435293009862531
  0.392291270650745   0.844049967141006
  0.755667891458442   0.933254161956530
  0.241532003420254   0.140195340371520
  0.497390238172611   0.943102536422749
  0.210964462760799   0.734775755260577
  0.162629554918864   0.527153375115513
  0.099371141170533   0.483702840753168
  0.106553041598202   0.710226745497811
  0.726423794022102   0.933398717604266
  0.465478472089219   0.655620662731896
  0.774786466664073   0.180045173886948
  0.978515625000000   0.682508680555556
  0.978515625000000   0.715842013888889
  0.203367226473496   0.761378761237667
  0.177641916295696   0.551080850505083
  0.079654660462570   0.663182596312193
  0.602604647201142   0.497807352175846
  0.259575060422946   0.099719657746570
  0.621729146830342   0.443242840974316
  0.492543714032022   0.771098335656533
  0.788780991258936   0.220481921458950
  0.119168711629056   0.655134150414852
  0.133149413286508   0.528781404227499
  0.539398012995002   0.962675215717217
  0.935579772586474   0.676056785813801
  0.667880704655375   0.401934220385708
  0.397962598369413   0.862821724952518
  0.160642217533873   0.573838558292038
  0.619474688981695   0.824744003298533
  0.810098138190837   0.795379090350467
  0.819223823617278   0.210888949374563
  0.862469019072272   0.767028155455707
  0.169636560559347   0.728099962423965
  0.861594461880838   0.809384497441011
  0.166176184375646   0.870092554687092
  0.345733595461061   0.972937112474276
  0.379066928794394   0.972937112474276
  0.569961455514475   0.830338936204582
  0.271267804600370   0.124898005302434
  0.243333077452740   0.441342624807536
  0.770316593014445   0.204101526273985
  0.487769207956258   0.810437371157275
  0.110116254423707   0.463934658325771
  0.525533203361992   0.942643578259075
  0.581477889467410   0.810286607132764
  0.834262357839848   0.764627230053326
  0.817125823521752   0.183808601079364
  0.140329396639111   0.849053032114777
  0.516121696532988   0.771867540476013
  0.256950250519716   0.396299792779080
  0.335955569674793   0.926547060300727
  0.230770483962895   0.116735170194979
  0.798894930329924   0.165270095621137
  0.468277569660254   0.763662387029840
  0.224573946779559   0.409634150678713
  0.230618205183462   0.328452219035173
  0.377421844726848   0.924856214973377
  0.535247255732030   0.811507243234284
  0.178746130637536   0.849561424447296
  0.731827643832460   0.374612047371596
  0.611428370112761   0.851827185000722
  0.785782341947217   0.311362694024746
  0.020474076678724   0.421829915981440
  0.020474076678724   0.455163249314774
  0.418434351278422   0.415693102102576
  0.546763689684965   0.791454914162466
  0.511347190457224   0.811206575976755
  0.484587735394178   0.471180832135463
  0.605876643161752   0.799792884119767
  0.778770490004072   0.390215876716257
  0.261986575343977   0.355725070102829
  0.394518107840901   0.948245753240494
  0.744717570525802   0.280720810419106
  0.014322916666667   0.155989583333333
  0.014322916666667   0.189322916666667
  0.460383093518291   0.436051017916954
  0.453882567540391   0.790227402644864
  0.774956452207433   0.271341848710406
  0.525670056442272   0.393619215276476
  0.237554838155402   0.392542862635916
  0.736209582270037   0.398543200969246
  0.396338589942720   0.383607992788210
  0.143464598888432   0.870637362754436
  0.544371585194668   0.437052302545440
  0.793613685280808   0.289697718584812
  0.264701817432098   0.433239630392280
  0.167433081495697   0.826218684342742
  0.282654873972969   0.285073987592670
  0.317816043125479   0.320915598884854
  0.501913523945821   0.433454778399837
  0.979293258101852   0.198947482638889
  0.396966516919762   0.427826802941469
  0.542168748838826   0.767055613122033
  0.050349655382428   0.463511050240700
  0.459661447897143   0.460522672757692
  0.372192943998837   0.397430085294735
  0.757048660575417   0.360597211590035
  0.605161022425391   0.027065388109484
  0.294462165770099   0.838176421485022
  0.462753079321473   0.602231354983029
  0.050690218415807   0.428298599884693
  0.745593593244289   0.599872099583799
  0.762259930715986   0.316679847762765
  0.482393221283364   0.422552744706066
  0.305672728175342   0.885108793743786
  0.316213531696132   0.845852018396916
  0.274497285957314   0.321622391514961
  0.419005233157739   0.392908443984283
  0.953008134727002   0.221545650578582
  0.045226209359386   0.169091119098335
  0.388403618973483   0.780253634233136
  0.502036137248048   0.789695331610934
  0.274047819519985   0.855019651646213
  0.741904179111125   0.305112475210576
  0.755388305246570   0.021931057616495
  0.788721638579903   0.021931057616495
  0.309850739618297   0.290042751511928
  0.954413871070390   0.174888346901579
  0.747811972388711   0.565749882893669
  0.357569876481827   0.817244194240422
  0.638962961717488   0.365076116057181
  0.725775170343627   0.571318218494369
  0.680546527393442   0.371101883483416
  0.365343429932937   0.128066619015502
  0.806820229927575   0.820893960160733
  0.395806829070267   0.818246553465932
  0.141687935728763   0.789402022141514
  0.800262881172641   0.064413181119863
  0.858316553617576   0.834899367251278
  0.358248134206703   0.789997621668539
  0.670474270571579   0.458690740567681
  0.391262831948028   0.159504068277981
  0.763545553804383   0.060802427581693
  0.279215093041006   0.887580003173521
  0.355512802616485   0.262851668276060
  0.037117495180836   0.191871484087781
  0.940017620576642   0.196410184359406
  0.635613739403145   0.392324969827965
  0.128640652110095   0.830750769061150
  0.301245216601011   0.266625352929838
  0.063973186418270   0.450654241940719
  0.336406385753521   0.302466964222022
  0.393473767695084   0.131490366070497
  0.893372601385037   0.723273412607881
  0.142619761484082   0.968752038841097
  0.362980286074217   0.156706157551013
  0.836888007002722   0.813461682903416
  0.631897290300776   0.677248404596389
  0.908050687532231   0.677100102290328
  0.684323145266667   0.498325015785497
  0.344970021828281   0.432678169356724
  0.376765305741755   0.831585457196756
  0.162982296076629   0.914495785222614
  0.015294031461818   0.486109358932509
  0.015294031461818   0.519442692265842
  0.639208811657740   0.717587596653409
  0.650289828960995   0.479860372124073
  0.591252181696895   0.695892514043227
  0.615281035790272   0.920554830068645
  0.660578483209246   0.912985089817223
  0.727610010659656   0.592466922074493
  0.018957029798775   0.354185923188693
  0.018957029798775   0.387519256522027
  0.549409722625642   0.025388784787074
  0.582743055958975   0.025388784787074
  0.929502164945757   0.699394010920972
  0.485939079655452   0.575709663929125
  0.556396825667981   0.812497620966336
  0.536423978826556   0.571833158641469
  0.155744336966681   0.807916421289116
  0.177981415519845   0.676507636282534
  0.215080142033837   0.710150517613531
  0.380430243039182   0.439732710021476
  0.045169610165522   0.494457159858435
  0.695976225204762   0.473915981886401
  0.877810156323518   0.702044160587222
  0.355656670118257   0.409335992374742
  0.629179977827873   0.940354481292384
  0.669412359689713   0.023663067541658
  0.587938033712908   0.723901151838190
  0.555455606311744   0.073240552108900
  0.616931728253389   0.737806729865626
  0.113669650093685   0.819166130596731
  0.215475193238752   0.345666962139677
  0.046188039411635   0.522194743911423
  0.643231518826777   0.696851100406861
  0.324359693112845   0.888964612204079
  0.632494877663869   0.898937499877047
  0.334900496633635   0.849707836857210
  0.044635900996121   0.359884920874134
  0.624353862835361   0.652894590369058
  0.587904078384367   0.052454172896557
  0.536215278181198   0.051430451453740
  0.246843563399267   0.372939813207333
  0.146605221703851   0.830395353557522
  0.465027497550671   0.097534681321146
  0.214467259659110   0.386274171106966
  0.049173171535859   0.393987940425279
  0.887256044825248   0.685890222892418
  0.515920062563680   0.343210538601540
  0.914856097600323   0.715659788478734
  0.173752239832385   0.703474724776919
  0.817969486775549   0.020267288773148
  0.851302820108883   0.020267288773148
  0.200316802797876   0.667534622529939
  0.583708754231480   0.671538699815896
  0.673918151747351   0.417543910723650
  0.629410087269382   0.140274040206832
  0.192457727019565   0.717800351193521
  0.473172075378559   0.325384595062048
  0.242591162979663   0.351968139959665
  0.455035416710131   0.079313806068430
  0.693943909964122   0.382263922286861
  0.778504796650328   0.609636665314502
  0.582989947717999   0.643763870349704
  0.490542329763294   0.067945252894995
  0.610149858825493   0.625985152882789
  0.535394805384935   0.312643068928669
  0.829510729368287   0.062749412276517
  0.316255139527388   0.866853510294963
  0.884293718267181   0.415834100486588
  0.118142665709537   0.598121831505699
  0.815451304568797   0.631875255608420
  0.228411197112210   0.629906486214791
  0.380755690610716   0.417340532959410
  0.354095925893562   0.864049099813544
  0.140083548088076   0.643268533672332
  0.801524209041959   0.574119369563841
  0.061626612681220   0.376611114338336
  0.698325848401699   0.406195075884510
  0.793456646096858   0.785549744683298
  0.181724812025119   0.650867145265999
  0.896413143966331   0.381740848255064
  0.415451179046507   0.975308640766217
  0.448784512379840   0.975308640766217
  0.609609262031764   0.679801799635398
  0.303731368257385   0.443343158625464
  0.667618302709569   0.387795671133692
  0.260373369608987   0.458679412992152
  0.501595958210553   0.478171073760251
  0.911673267897321   0.405903170052179
  0.101505446408584   0.634250234503006
  0.487075868638935   0.100096955258383
  0.817620865745868   0.754797884386158
  0.872033535688751   0.394254304963872
  0.886926316536998   0.548466150773627
  0.830220928896918   0.327822873157234
  0.540655733036256   0.456738223278551
  0.806691125355452   0.042198346389643
  0.143753671392884   0.613284123021464
  0.823524423172005   0.778117467425981
  0.413806094978960   0.927227743265318
  0.456690962429230   0.935936684387823
  0.272364838050068   0.808917641274825
  0.445922699178659   0.093041314932919
  0.883795369870582   0.314181392953567
  0.185394935329927   0.620882734615131
  0.518921746762196   0.440445020024624
  0.916381691570889   0.503063759102434
  0.876675451461189   0.512064183572899
  0.985691970298167   0.353404753436243
  0.985691970298167   0.386738086769576
  0.915266799209220   0.537116204841649
  0.878902869337616   0.346394090643873
  0.838052272230510   0.306157897717300
  0.235882962175144   0.792406032524520
  0.916956265953743   0.098212412625212
  0.030894007949817   0.536085384978914
  0.251950491799954   0.825760871436016
  0.275996194025970   0.528947624893708
  0.713119426632023   0.244135188184591
  0.498197671787409   0.453140699132948
  0.988603467767597   0.152055420058728
  0.988603467767597   0.185388753392061
  0.869209677817041   0.724880245797605
  0.264480254607152   0.783611482479818
  0.854523261060036   0.358907547352681
  0.958852011515432   0.360171124286837
  0.687746463949094   0.213355648731343
  0.088647837944821   0.554192095654911
  0.225254580623510   0.544581453421862
  0.839193725601908   0.682952858335369
  0.935804605783378   0.136049982386125
  0.792973296669734   0.754675132290532
  0.751023977695550   0.977760368895439
  0.784357311028884   0.977760368895439
  0.897614974232075   0.122231899083787
  0.841003016584616   0.722479320395224
  0.951813529968041   0.392924703852043
  0.331563681313163   0.099456485208798
  0.525049603203534   0.475916712942083
  0.147500950909755   0.020398013456983
  0.180834284243089   0.020398013456983
  0.938877348398305   0.109706005158156
  0.060769586653520   0.511099852571507
  0.264804247211887   0.177036442685379
  0.290799028994517   0.085250978623771
  0.504287472996061   0.362898247168586
  0.782718459822439   0.932135555531038
  0.724893910069162   0.218375831290926
  0.963724080736135   0.161329617654751
  0.461539485810940   0.345072303629094
  0.206971225461158   0.152476591809332
  0.170327656003605   0.063986996514415
  0.978802160224845   0.658695776220637
  0.281660918213996   0.977243073150378
  0.152129896733649   0.154087233801109
  0.314994251547329   0.977243073150378
  0.326117514895161   0.072611981699882
  0.707456691465908   0.204256692545495
  0.179061416066358   0.113699681175713
  0.236736146201824   0.810819048940645
  0.799054301931760   0.956518721176963
  0.686830535436328   0.233116579162837
  0.311569878536264   0.545065090825807
  0.302491773171942   0.110429326179635
  0.280536452487135   0.022498136306943
  0.313869785820469   0.022498136306943
  0.330111820864217   0.581956603483420
  0.935866307811319   0.652243881478882
  0.305216225761062   0.930853020976829
  0.155974859728363   0.981088403380104
  0.189308193061696   0.981088403380104
  0.403166566940131   0.563444871598436
  0.491505021595805   0.339629454508688
  0.178887029502174   0.165043408975446
  0.481734712811940   0.379136097489853
  0.302555909990311   0.065858903864613
  0.440485246225931   0.578111782488421
  0.877517436931692   0.154625553145401
  0.282649357311810   0.064388347373044
  0.848472224009973   0.104604904463720
  0.299359119463202   0.569076251403576
  0.967896725869449   0.184336236030950
  0.893203254556138   0.100226075462127
  0.865883341038451   0.450669024550507
  0.360200368362399   0.237144145800937
  0.950475051473876   0.630285666542834
  0.957317785224845   0.674537790109526
  0.460295466926183   0.369849712582448
  0.196866361818088   0.952529208243974
  0.482544478196103   0.852248091449652
  0.648376707914091   0.548271331080728
  0.404494124650973   0.021485153623692
  0.327394513675057   0.950180185624655
  0.399275758617901   0.587400855798921
  0.312062279265927   0.587555103137948
  0.317967843212453   0.051749350449155
  0.857559512185314   0.485233035763355
  0.316309172925655   0.204760084943753
  0.520980326440240   0.832249282780625
  0.165261287879112   0.949840442221201
  0.334919907333031   0.551077301643468
  0.719416056338866   0.290014053177614
  0.113625861425991   0.539651892136554
  0.711737399786092   0.339987926302835
  0.837657802345607   0.455166649051035
  0.268953522178430   0.042878501391008
  0.687964417443831   0.558849256591488
  0.427938681639047   0.552779641177731
  0.508077438841117   0.256996751526090
  0.679618422841129   0.536213697500837
  0.969009528934627   0.542400246665141
  0.141224204494329   0.508129000475795
  0.085747610134690   0.496559649053149
  0.630308812829544   0.796408965047289
  0.342755853487017   0.194824792136063
  0.641476180581133   0.576775526706694
  0.692920088116314   0.301357157996236
  0.646753631092286   0.527024983925641
  0.909678575197032   0.562817105928926
  0.422459433820032   0.058895373463794
  0.333128647992253   0.245886594373973
  0.086766039380803   0.524297233106137
  0.836328108682123   0.484250286309190
  0.162515795520609   0.785225352926734
  0.638987850413951   0.751238712656306
  0.544957898411297   0.291242003933472
  0.422451972551542   0.594561828841389
  0.592312013315258   0.781951568881521
  0.537453273993575   0.262036837666694
  0.939133950230923   0.517414714257734
  0.108564422670904   0.145231062681682
  0.736958416529049   0.325973090521273
  0.091315070243098   0.098233693665522
  0.197482300979496   0.792035842854551
  0.509692652678487   0.622393391298345
  0.224044842853272   0.141271617205561
  0.512700704189785   0.298540680946444
  0.677995346019323   0.514967350345750
  0.726635982285216   0.633282423555468
  0.674533326531725   0.649564250067514
  0.670497805022992   0.579890094367389
  0.196135033458472   0.102494706571941
  0.643962029713651   0.496502706684326
  0.479441194203430   0.596196348066004
  0.549914224871781   0.980200722916074
  0.583247558205114   0.980200722916074
  0.710792470680651   0.681089199128347
  0.397964625004956   0.058357621332198
  0.187885245900366   0.827082492178890
  0.587717072469119   0.757552267841088
  0.183171163884582   0.944235252765008
  0.076905862935817   0.141022729430523
  0.664238172467233   0.798848373936715
  0.158410619577502   0.078517977011630
  0.114229747816986   0.071908160620865
  0.495810273143964   0.280356021229272
  0.701864832843602   0.744863878549546
  0.391570605049460   0.039003234193545
  0.579940826787326   0.939581276922890
  0.337431390725318   0.029251214142212
  0.196209706003799   0.129016421632791
  0.672917210051640   0.753678121545732
  0.479887426267952   0.617463934053170
  0.277979646032934   0.612993565313551
  0.223950805691282   0.980946988692439
  0.257284139024615   0.980946988692439
  0.703536902741574   0.791146243473664
  0.503073426601931   0.590942242999267
  0.667800123681362   0.497893704185450
  0.346975614535305   0.085346931793340
  0.321246638742887   0.602469790056395
  0.452465694971529   0.068298530025287
  0.710800859251000   0.772129226100491
  0.885585224776704   0.451761845145471
  0.593839768824927   0.959380928146628
  0.487972608024692   0.056929976851852
  0.544879251999447   0.383638734291916
  0.428452457984306   0.037110153623692
  0.135886708809596   0.090107595629539
  0.751267340156929   0.804383595453868
  0.231508974447674   0.952387793556309
  0.663095401255824   0.535782385900790
  0.149751532060075   0.055327007411182
  0.916967636033267   0.477325431887855
  0.650640126647289   0.773897254757950
  0.563580780751843   0.427071821560880
  0.469873281233674   0.979637306789614
  0.877261395923567   0.486325856358319
  0.802395086296757   0.089286061440438
  0.297347404225817   0.632127762007069
  0.151346817031212   0.892032300830379
  0.758531296666356   0.785366578080695
  0.765677758928499   0.085675307902267
  0.541846794477783   0.410778618306954
  0.290493937341872   0.589589437976551
  0.124906831150320   0.053418577287532
  0.912964774406844   0.441830914711062
  0.106094755158496   0.898505999072631
  0.323142131445816   0.623953238956472
  0.728096205809624   0.740656441002662
  0.486805555555556   0.026041666666667
  0.520138888888889   0.026041666666667
  0.125500029294676   0.870992778258065
  0.272278390571944   0.958190061842817
  0.254381811437345   0.937028145948625
  0.589031274351180   0.404407222324038
  0.871845456067985   0.599468833620925
  0.549179955566717   0.121532262859836
  0.471570493343541   0.072791896413513
  0.477779731283064   0.940265350411220
  0.579046920408990   0.149665782166229
  0.729768275707596   0.786938805926780
  0.843546519029727   0.643512669137370
  0.600955049212045   0.231406309071923
  0.888240557392054   0.639266746282052
  0.140270710589414   0.915040593289959
  0.780963907335262   0.896450276698111
  0.529466472980478   0.155645078574882
  0.526184772574991   0.073893433988494
  0.264542163490748   0.149434452313016
  0.451991126946847   0.954945947555831
  0.792321388333408   0.115024344583628
  0.323349872812086   0.123164276273093
  0.118708098072191   0.922455107075985
  0.310291316951443   0.420270405698596
  0.595930257182144   0.177574962379019
  0.856565461646135   0.743708572415883
  0.779575482283921   0.068734995553564
  0.834257605150230   0.613133201851996
  0.748239930061035   0.869853276784536
  0.814696990902877   0.978758352281523
  0.848030324236211   0.978758352281523
  0.893100485011564   0.497026922471770
  0.873984545735689   0.470195774662227
  0.282585220493440   0.108958769688066
  0.089322916666667   0.018489583333333
  0.122656250000000   0.018489583333333
  0.294540048392004   0.161739107616293
  0.445342072321682   0.870401073204707
  0.280550491370020   0.390563828036828
  0.569672117372603   0.225056705441870
  0.541537169670572   0.173407417128569
  0.575021840855654   0.124132360945743
  0.132175222203048   0.190107396255037
  0.766644851629359   0.105911219445596
  0.813058139696433   0.933133538917122
  0.207558168756392   0.971440804863871
  0.409692640640750   0.886046392015703
  0.526473166311812   0.131873864568064
  0.753913338971265   0.897568883123603
  0.930827050517274   0.976756625490179
  0.635860539780553   0.848443265928244
  0.101302083333333   0.055468750000000
  0.320986728953366   0.151803814808604
  0.777338816990995   0.870408285353128
  0.610600379038022   0.897143777822033
  0.655897826456996   0.889574037570610
  0.417004121697925   0.849482821221694
  0.876870633431029   0.980500426768642
  0.910203966764362   0.980500426768642
  0.569818147201050   0.175270171288809
  0.558420506443726   0.201316597341359
  0.320977965241419   0.396928228716614
  0.158932354971574   0.201063571429374
  0.915737972736169   0.935257529203722
  0.340035063152387   0.450576524802039
  0.625134410417595   0.568018124731545
  0.632437887094505   0.623431757843780
  0.130990506366817   0.231972382916997
  0.507258474976824   0.513994418925987
  0.895114888983257   0.939001330482185
  0.288302058282402   0.427503665650028
  0.023548471700526   0.606240869695068
  0.492690402690229   0.962111799590756
  0.590755264341899   0.584866539389030
  0.318889137812544   0.457032647609871
  0.297706566470863   0.381117288307505
  0.017590516358691   0.935291925904702
  0.287319646626462   0.909691105082637
  0.271261766126155   0.410166877465412
  0.116070693393678   0.210256657046253
  0.858234291000572   0.959258779050165
  0.544903786867744   0.552494194754879
  0.136823867576422   0.038887596790317
  0.272129953114154   0.637053037609696
  0.591073971977142   0.614301037824426
  0.237989174502455   0.927521962120057
  0.255694737971105   0.879601962985065
  0.307134972191966   0.500521830816175
  0.375495284363288   0.457631065466791
  0.486353893643435   0.519076368589854
  0.347712892352898   0.481702562338164
  0.552644243772664   0.524461480408976
  0.308815789099346   0.672935376292728
  0.945145601738543   0.957544494982702
  0.907697683948302   0.957257052258821
  0.938233627831356   0.937264198607928
  0.625385007716046   0.114740618986347
  0.064665082394577   0.627142650035038
  0.518051120095139   0.551116594975798
  0.571266985994475   0.098303632729560
  0.278758590626726   0.933324230406564
  0.473514306363249   0.561452649706402
  0.625440077222540   0.238809388527029
  0.158699324686960   0.226707235246739
  0.326566967013055   0.488158685145996
  0.601133950836748   0.126437152035953
  0.203082138077546   0.245834185240925
  0.865223837501036   0.410655299511034
  0.030903292692719   0.146434869098335
  0.530712119969806   0.511740058107819
  0.603715458067097   0.077517253517217
  0.702864362207330   0.538034221036448
  0.653577531191439   0.211024409945729
  0.169464511070749   0.264925804813350
  0.296899879143503   0.464265907561303
  0.370317311183790   0.482918797822125
  0.178404940108049   0.215509085531694
  0.581297491600681   0.075840650194807
  0.877343750000001   0.018489583333333
  0.910677083333334   0.018489583333333
  0.037627518119807   0.922500732113978
  0.848639614103638   0.666798920640566
  0.826860740956913   0.392926648657112
  0.109019176046242   0.188102332156871
  0.893333652465966   0.662552997785248
  0.043554693081633   0.633258932622100
  0.497146538761750   0.556198544639665
  0.165333551999429   0.770061228571901
  0.877343263200186   0.376562047279510
  0.150463091503293   0.246417897019318
  0.333203574038505   0.471499273737879
  0.034257183025357   0.951958592571368
  0.289651361992400   0.486254034403037
  0.093465145120525   0.163744738114496
  0.460967741776365   0.536120508395712
  0.836998298808191   0.415152924011563
  0.359284458054242   0.447144795484732
  0.368893320616536   0.644061897713895
  0.077969189169813   0.230607537641824
  0.900282689805570   0.056592877835110
  0.200300057458316   0.776871718499718
  0.200931022328838   0.024995832515361
  0.459576208852456   0.851600169574139
  0.334610516319345   0.664760853242132
  0.077360616311155   0.183893998905712
  0.505626346802937   0.536859580753074
  0.107834460210011   0.229967318818832
  0.341191673044106   0.618354739301944
  0.967628662510903   0.808795335301016
  0.481623914768935   0.260213156804114
  0.652661602678673   0.230785340377223
  0.051248913365669   0.939250823314231
  0.909140166758749   0.824206426195452
  0.456281644332738   0.307199935344875
  0.396311623380719   0.236123371437236
  0.867445914685071   0.648056866884142
  0.863093121257252   0.687497056082142
  0.611186511984698   0.210582430956705
  0.190372923789747   0.260014334900580
  0.474111991821787   0.831300693647583
  0.190424394089354   0.068584815572792
  0.927659214305012   0.020025674199402
  0.021749633032223   0.748464585036542
  0.021749633032223   0.781797918369875
  0.431238258228698   0.830681917591126
  0.591430307028167   0.282488829278972
  0.317292438527036   0.648012711252618
  0.185274878731347   0.757918546102618
  0.361487518893963   0.619690051909442
  0.129531313420417   0.139155137358168
  0.013576611016387   0.215590910480557
  0.013576611016387   0.248924243813890
  0.548177256785192   0.335911861588567
  0.156462832753126   0.098767584732773
  0.112281960992610   0.092157768342008
  0.407149654379147   0.196601928499331
  0.934768504254479   0.793951837358162
  0.861979903442216   0.038756872106481
  0.482363128945194   0.745834595894918
  0.917264820777249   0.058128968701178
  0.453214342092588   0.265770540743186
  0.179389953237347   0.788575627719503
  0.486247180117602   0.301757086224469
  0.427311679179557   0.746561936106408
  0.313107522876346   0.821030748047269
  0.436909585947366   0.849453675402638
  0.156537505298453   0.125289299793622
  0.060500009187511   0.774762169034563
  0.423555329444100   0.233053089075262
  0.784751239007134   0.829738879094508
  0.222681425353466   0.045376197599425
  0.611786942663035   0.343109972011640
  0.460211909964403   0.714699186648061
  0.112972031235708   0.116433128674196
  0.440225351405920   0.811090725135172
  0.228148992814005   0.450485071004166
  0.181765306571927   0.045393845972344
  0.793097207242845   0.882708381926214
  0.045088476567763   0.242072651648337
  0.023751378783899   0.023399966897678
  0.429575717530267   0.212019061509284
  0.583760440818215   0.319022868077431
  0.023751378783899   0.056733300231011
  0.368290920982079   0.543371316968928
  0.464800938612611   0.809789449281762
  0.057084712117232   0.023399966897678
  0.491283981854488   0.874826950347188
  0.760373229968617   0.856111382012640
  0.209389862140824   0.418776596875344
  0.325562324482038   0.529100475904302
  0.228521194599745   0.484253605415058
  0.811541107819019   0.847821471647457
  0.938013381719489   0.043535493161898
  0.529719830098625   0.854828141678160
  0.069522798715902   0.750238967615869
  0.975120612968538   0.142607530929357
  0.498519417623825   0.899181210280690
  0.505819764823819   0.854527474420632
  0.194371052848272   0.504112887393259
  0.612520250042537   0.322159681547034
  0.905002964305012   0.038515257532735
  0.069063878783899   0.060379133564344
  0.180892172082099   0.908890595766422
  0.213508074944796   0.065607633493684
  0.591407894596145   0.346512855320557
  0.199094430977494   0.442715396955064
  0.100584239091071   0.402068663559095
  0.209383414225105   0.528040362782828
  0.036371189530556   0.218139477901671
  0.344994319303127   0.516737330234122
  0.904940355076347   0.851499411123159
  0.201421139579278   0.934587654248775
  0.233908925968265   0.518265894061742
  0.862396205734055   0.560866136360398
  0.377292490371402   0.274002962490795
  0.915006439714063   0.894589223942265
  0.068348454079790   0.361457522168416
  0.100233956412615   0.362734579324667
