  0.000000000000000   0.000000000000000
  0.000000000000000   1.000000000000000
  1.000000000000000   0.000000000000000
  1.000000000000000   1.000000000000000
  0.000000000000000   0.333333333333333
  0.000000000000000   0.666666666666666
  0.333333333333333   0.000000000000000
  0.666666666666666   0.000000000000000
  0.333333333333333   1.000000000000000
  0.666666666666666   1.000000000000000
  1.000000000000000   0.333333333333333
  1.000000000000000   0.666666666666666
  0.489875513463597   0.530237631640559
  0.438980456374722   0.768797654387329
  0.702604568544239   0.705417711548354
  0.238234466613202   0.575803485365107
  0.304889028464487   0.357510123488517
  0.733518301313259   0.428006462382728
  0.521026259471672   0.345890352671321
  0.804313546891075   0.195976771189282
  0.199856328768004   0.800407704796811
  0.446188575824301   0.184917633672342
  0.842317808802726   0.843021094553755
  0.216882187524424   0.175152218098838
  0.634342670033395   0.230958243983135
