       5        1       24        1
       1        7       24        1
       7       22       24        1
       7        8       22        1
      22       17       24        1
      19       17       22        1
      13       17       19        1
      13       16       17        1
      16        5       17        1
      17        5       24        1
       6        5       16        1
       6       16       21        1
       2        6       21        1
       9        2       21        1
      14        9       21        1
      10        9       14        1
      16       14       21        1
      13       14       16        1
      15       13       18        1
      14       13       15        1
      10       14       15        1
      10       15       23        1
       4       10       23        1
      12        4       23        1
      15       12       23        1
      12       15       18        1
      11       12       18        1
      11       18       20        1
      18       13       19        1
      19       22       25        1
      18       19       25        1
      20       18       25        1
       8       20       25        1
      22        8       25        1
       8        3       20        1
       3       11       20        1
