  0.000000000000000   0.000000000000000
  0.000000000000000   1.000000000000000
  1.000000000000000   0.000000000000000
  1.000000000000000   1.000000000000000
  0.000000000000000   0.100000000000000
  0.000000000000000   0.200000000000000
  0.000000000000000   0.300000000000000
  0.000000000000000   0.400000000000000
  0.000000000000000   0.500000000000000
  0.000000000000000   0.600000000000000
  0.000000000000000   0.700000000000000
  0.000000000000000   0.800000000000000
  0.000000000000000   0.900000000000001
  0.100000000000000   0.000000000000000
  0.200000000000000   0.000000000000000
  0.300000000000000   0.000000000000000
  0.400000000000000   0.000000000000000
  0.500000000000000   0.000000000000000
  0.600000000000000   0.000000000000000
  0.700000000000000   0.000000000000000
  0.800000000000000   0.000000000000000
  0.900000000000001   0.000000000000000
  0.100000000000000   1.000000000000000
  0.200000000000000   1.000000000000000
  0.300000000000000   1.000000000000000
  0.400000000000000   1.000000000000000
  0.500000000000000   1.000000000000000
  0.600000000000000   1.000000000000000
  0.700000000000000   1.000000000000000
  0.800000000000000   1.000000000000000
  0.900000000000001   1.000000000000000
  1.000000000000000   0.100000000000000
  1.000000000000000   0.200000000000000
  1.000000000000000   0.300000000000000
  1.000000000000000   0.400000000000000
  1.000000000000000   0.500000000000000
  1.000000000000000   0.600000000000000
  1.000000000000000   0.700000000000000
  1.000000000000000   0.800000000000000
  1.000000000000000   0.900000000000001
  0.500496470212724   0.498445371383369
  0.597429783441916   0.270238922960563
  0.383720427288335   0.267547548403189
  0.254983558517014   0.607723795851876
  0.751032546417857   0.602842856375647
  0.513125868047884   0.753583422328406
  0.205125124105294   0.317940178787582
  0.787690008446768   0.331567254869994
  0.775000000000000   0.800000000000000
  0.263140138590794   0.792123086962950
  0.669311219338085   0.445001929236025
  0.357710434469895   0.383881830030759
  0.250311954818509   0.168232954483142
  0.757593350884396   0.163468818414055
  0.128991686275463   0.864630167735727
  0.401348953651456   0.643428179589954
  0.604500260338155   0.629273378565779
  0.263350503936533   0.448796304263559
  0.747124788625081   0.448439892603975
  0.622539847592745   0.799071460448441
  0.452696250852236   0.309293343102148
  0.206310979050273   0.746952026500059
  0.545766263790741   0.133840131037817
  0.879107188786008   0.554662181712963
  0.136127953565278   0.547644791366496
  0.444540499228108   0.863788206593823
  0.809456773442409   0.663195026230441
  0.410090013686431   0.506280418941818
  0.130605158730159   0.126041666666667
  0.884015565337471   0.122111645833470
  0.879048861841554   0.417383600280146
  0.408845177618926   0.126011984878766
  0.895591086051759   0.870015632776876
  0.571830964997642   0.354662627083559
  0.130125996889609   0.420578941882743
  0.108625109271658   0.264255322038144
  0.888885673868313   0.275036168981482
  0.405678334173062   0.790529373002463
  0.686482704066596   0.747077729465236
  0.662017566012437   0.330715157263967
  0.295917217271509   0.283542321578058
  0.237782779065751   0.889652865769932
  0.339960178341669   0.909618871783503
  0.728143142304818   0.880989963843071
  0.618032164640548   0.529776474874286
  0.131952967485431   0.707266705851932
  0.281480389780511   0.729229952034622
  0.525504097365226   0.633175323305062
  0.639098039527181   0.110391078278898
  0.836004474127614   0.757800960372575
  0.536475159079323   0.215574241514151
  0.875426878924325   0.624185787853145
  0.508271048688680   0.417665663344224
  0.544682556905864   0.934950086805555
  0.546489781983222   0.814043623712441
  0.605203872492284   0.924490017361111
  0.197696470836920   0.669002059071228
  0.169512419165197   0.246185808669533
  0.805576019326310   0.242719150841990
  0.671369846332466   0.246338847707785
  0.578526833960424   0.452281004195300
  0.914687965317358   0.729249371914925
  0.325562446749690   0.188782225405653
  0.851571570493800   0.933222966251262
  0.140545274561555   0.354069168283680
  0.348496083563644   0.573854579720397
  0.127058480589404   0.629421044912510
  0.779640487578306   0.088093448378269
  0.275014127983145   0.080876686036913
  0.940962127830100   0.326813264857336
  0.279853061238311   0.370159210593989
  0.624810150632022   0.719442754997655
  0.709410879767336   0.522810260314212
  0.328288058152499   0.488002832880101
  0.184901119498576   0.918753001049932
  0.446354491999596   0.063482318233834
  0.728576308513375   0.380857466081533
  0.924149272359280   0.923517761713986
  0.187757161967034   0.482262174874378
  0.217209336048097   0.113237988517320
  0.473730909702754   0.171656267643191
  0.447306691163835   0.449624133905094
  0.693305640505731   0.666564985945403
  0.113857161967696   0.929466743560929
  0.675256298333925   0.590253591215065
  0.754377225501673   0.724107248820860
  0.065295819190683   0.445481673929112
  0.162214751239813   0.060751657238924
  0.837500000000000   0.065625000000000
  0.263212111798497   0.525314364158096
  0.886066252222095   0.348878684741042
  0.452598415880211   0.585865877433108
  0.326424496388115   0.048343783365642
  0.795715964834194   0.520551841891791
  0.472327077362448   0.686221659012582
  0.552002745777642   0.696492243924572
  0.064717876203336   0.888139846505732
  0.206287081086041   0.837266431577367
  0.069389854463030   0.825901462213013
  0.405431738068515   0.711751591948585
  0.698284263889718   0.811606771555257
  0.328951473259397   0.660366589187826
  0.067795539399530   0.361227037754402
  0.613074977839864   0.191653927701194
  0.058167989417989   0.158506944444444
  0.820958712512024   0.855854370045711
  0.940240263840480   0.160416709894487
  0.394482650091196   0.334307577732429
  0.522697810573114   0.288066891041401
  0.054539627267574   0.054193675319665
  0.946876768645969   0.053708073923367
  0.055715007634206   0.943521318013333
  0.782924412215388   0.395098814542614
  0.546124405662961   0.565857333289078
  0.936720856946782   0.454997669661521
  0.434542975862629   0.383962870716274
  0.064722768215942   0.659756753518444
  0.342296522084566   0.327968019765763
  0.571749020920117   0.757256925337946
  0.134959621596842   0.788144927370720
  0.508239786650539   0.074300321771556
  0.572300169547269   0.060599753328522
  0.925200972190482   0.593415064662568
  0.204830689231245   0.552892944362363
  0.076295752804723   0.509326876117603
  0.483327876334742   0.920221991758614
  0.062500000000000   0.575000000000000
  0.822537447174311   0.592899985710228
  0.413962019657289   0.930638670808240
  0.480490871055338   0.811011072787159
  0.731334110086314   0.292389138862129
  0.117385534420137   0.200998226685597
  0.881104339774057   0.198094372157109
  0.383461948040097   0.441977261033891
  0.201126187116389   0.398967663114322
  0.639595665674340   0.046845774779523
  0.335102164886842   0.103429062933693
  0.066837535293541   0.746844974825685
  0.630852157773815   0.393782696455269
  0.370322356336050   0.858573670940640
  0.349586073959590   0.737312291433716
  0.687860489033507   0.173908339858194
  0.825439951945919   0.145353131630120
  0.320075006832163   0.428048399745698
  0.874019777971114   0.685991890972274
  0.686580119297248   0.063238042290193
  0.463404654878180   0.241870103020897
  0.668472305468291   0.935728494957010
  0.650429023073840   0.870562430293767
  0.818706618748254   0.440312994804003
  0.928954439694723   0.393570598847848
  0.411052723247577   0.199173625870339
  0.326388434516464   0.794683950995083
  0.941789774691494   0.882330997873348
  0.947418740354938   0.835790597002530
  0.714496224966524   0.108502353562401
  0.287988972874403   0.860554115752833
  0.236392092177002   0.702374966370086
  0.874837322801482   0.486107059769104
  0.187187337255963   0.181453464783776
  0.672693920014391   0.387090831685199
  0.560761288336126   0.511749254864858
  0.237847222222222   0.234548611111111
  0.142712470852886   0.300363312005914
  0.841337710504554   0.312487434879306
  0.058089301547391   0.235955724950446
  0.768750000000000   0.950000000000000
  0.941865400885492   0.243393419315069
  0.272041842184055   0.941959932240359
  0.955948114908694   0.955549465139682
  0.893228281379842   0.802937114288085
  0.933996997357512   0.100342950375118
  0.069471271376606   0.101709492600860
  0.933986275899141   0.655302594674701
  0.752043046466918   0.664177529343087
  0.832628977329769   0.374288130686184
  0.383345266178696   0.068253429882387
  0.105476961599862   0.314989463343204
  0.730746763132599   0.223764859136831
  0.476587325952511   0.113858204713033
  0.223903121243937   0.058477212801403
  0.102818506708239   0.068985737709436
  0.900477866268190   0.068357534026391
  0.345492978467548   0.956383121194654
  0.728347974738600   0.769934736563847
  0.579974642454012   0.871338515230428
  0.513454305882448   0.871732994585451
  0.118782549735814   0.481250822379931
  0.281648038117859   0.127862993435963
  0.182280627883325   0.601859655944623
  0.259525037940495   0.670863921223652
  0.736143366368416   0.051966768846173
  0.455861232942335   0.753182920920167
  0.498028191269406   0.350645554566735
  0.937484517342934   0.532924759072029
  0.067706413913682   0.295032476633878
  0.716341548504659   0.941672439842106
  0.951039720882804   0.773574693561572
  0.265068349123039   0.037539536440792
  0.033939614774627   0.858014917422594
  0.148823001060957   0.961753110532408
