       5        1      150        1
       1       14      150        1
      14      128      222        1
     150       14      222        1
     213      150      222        1
      69      213      222        1
     145        5      213        1
       5      150      213        1
       6        5      145        1
       7        6      206        1
       6      145      206        1
     145      172      206        1
     172       76      206        1
     145       69      172        1
      69      145      213        1
      69      120      200        1
     172       69      200        1
      98       76      172        1
      98      172      200        1
      98      200      203        1
     200       53      203        1
     120       53      200        1
      53      120      229        1
     109      120      221        1
     120      128      221        1
     120       69      128        1
     128       69      222        1
      14       15      128        1
     128       15      221        1
     221       15      239        1
      15       16      239        1
      16      133      239        1
     133      109      239        1
     109      221      239        1
     120      109      229        1
     109      177      229        1
     109      133      177        1
     177      133      217        1
     133       17      217        1
      16       17      133        1
      17      116      217        1
      17       18      116        1
     116       18      161        1
     116      161      220        1
      72      116      220        1
     116       72      217        1
      72      177      217        1
     103       72      192        1
      72      121      192        1
     121       72      220        1
      63      121      220        1
     121      187      192        1
     121       91      187        1
     187       43      192        1
      43       81      103        1
      43      103      192        1
      72      103      177        1
     177      103      229        1
     103       53      229        1
      53      103      203        1
     103       81      203        1
      47       81      111        1
     111       81      158        1
      52      111      158        1
     148       52      158        1
      43      148      158        1
      81       43      158        1
      43       61      148        1
      61       43      187        1
     149       61      187        1
      61      149      234        1
     156       61      234        1
     148       61      156        1
      52      148      156        1
      52      156      174        1
     156      122      174        1
      93      156      234        1
      93      122      156        1
      93       41      122        1
      41       68      122        1
     122       68      174        1
      68      114      174        1
     174      114      184        1
      52      174      184        1
     111       52      184        1
      58      111      184        1
     114       58      184        1
      58      114      130        1
     119       58      130        1
      58      119      175        1
      75      119      228        1
     119       75      175        1
      75      105      175        1
     111       58      175        1
      47      111      175        1
      81       47      203        1
      47       98      203        1
      98       47      204        1
      76       98      204        1
     204      105      218        1
      47      105      204        1
     105       47      175        1
     218      143      236        1
     105      143      218        1
      76      218      236        1
      76      204      218        1
     206       76      236        1
       7      206      236        1
     143        7      236        1
       8        7      143        1
     127        8      143        1
     105       75      143        1
      75      127      143        1
     127       75      228        1
     165      127      228        1
       9      127      165        1
       9        8      127        1
       9      165      167        1
      10        9      167        1
     157       10      167        1
     107      157      167        1
      65      107      167        1
     165       65      167        1
      65      165      228        1
     119       65      228        1
      65      119      164        1
     119      130      164        1
     130       44      164        1
     164       44      230        1
      65      164      230        1
     107       65      230        1
      97       86      107        1
      97      107      230        1
      44       97      230        1
      97       44      231        1
     198       97      231        1
      62       97      198        1
      87       62      198        1
      86       62      160        1
      62       86       97        1
      86      160      178        1
     157       86      178        1
     107       86      157        1
      11       10      157        1
      11      157      178        1
      12       11      178        1
     139       12      178        1
     160      139      178        1
      55      139      160        1
      55      137      139        1
     139      137      240        1
      12      139      240        1
      13       12      240        1
     137       13      240        1
      13      137      152        1
       2       13      152        1
      23        2      152        1
     124       23      152        1
      23      124      241        1
     137      124      152        1
      55      124      137        1
      55      115      124        1
     124      115      241        1
      24       23      241        1
     115       24      241        1
      24      115      209        1
     115       82      209        1
      82      115      138        1
      82      138      197        1
     115       55      138        1
     138       55      160        1
      62      138      160        1
      62       50      138        1
      50       62       87        1
      50       87      193        1
      87      181      193        1
     181       78      193        1
     193      180      197        1
      78      180      193        1
      50      193      197        1
     138       50      197        1
      82      197      209        1
     197       83      209        1
      25       24      209        1
      25      209      224        1
      26       25      224        1
      83      169      224        1
     209       83      224        1
     180       83      197        1
     169       83      180        1
      66      169      180        1
     169       26      224        1
     166       27      169        1
      27       26      169        1
      66      166      169        1
     166       66      227        1
      66      170      227        1
      66       78      170        1
      78       66      180        1
      78      140      233        1
     170       78      233        1
      46      170      233        1
     135       46      233        1
     140      135      233        1
     132       88      135        1
      56      132      135        1
      56      135      140        1
      56      140      142        1
     140       78      181        1
     142      140      181        1
      87      142      181        1
      87      198      231        1
     142       87      231        1
      44      142      231        1
     106       56      142        1
      44      106      142        1
     106       44      130        1
     114      106      130        1
      68      106      114        1
     106       68      132        1
      56      106      132        1
     132       41      154        1
      68       41      132        1
     154       41      202        1
      88      132      154        1
      57       88      154        1
      85       57      154        1
      85      154      202        1
      85      113      125        1
     113       45      125        1
      45      123      125        1
      57       85      125        1
     112       57      123        1
     123       57      125        1
     123       45      215        1
     126      123      215        1
      79      123      126        1
      79      126      225        1
      79      112      123        1
     136      112      159        1
      57      112      136        1
      88       57      136        1
     135       88      136        1
      46      135      136        1
      46      136      159        1
      46       95      170        1
      95       46      159        1
     112       60      159        1
      60       95      159        1
      95       60      226        1
      60      189      226        1
      95      226      227        1
     170       95      227        1
     226       94      227        1
      94      166      227        1
      94       27      166        1
      28       27       94        1
      28       94       96        1
      28       96      188        1
      96       94      226        1
     189       96      226        1
      84      188      189        1
     188       96      189        1
      29       28      188        1
      29      188      237        1
     207       29      237        1
      84      207      237        1
     188       84      237        1
      49       84      141        1
     141       84      189        1
      60      141      189        1
      60       79      141        1
      79       60      112        1
     141       79      225        1
      49      141      225        1
     126       49      225        1
      49       90      146        1
      90       49      126        1
     146       90      211        1
      73      146      211        1
      84       49      146        1
      84      146      207        1
      30       29      207        1
     104       30      207        1
      31       30      104        1
     146      104      207        1
      73      104      146        1
     118       73      194        1
     104       73      118        1
      31      104      118        1
      31      118      210        1
       4       31      210        1
      40        4      210        1
     118       40      210        1
      40      118      194        1
      39       40      195        1
      40      194      195        1
     194       73      195        1
     195       73      211        1
     195      211      238        1
      90      102      211        1
     211      102      238        1
      39      195      238        1
      38       39      238        1
     102       38      238        1
      38      102      214        1
      37       38      214        1
     185       92      214        1
     102      185      214        1
     102       90      185        1
      90       67      185        1
      67       90      126        1
      67      126      215        1
      45       67      215        1
      92       67      168        1
      67       92      185        1
      64       92      168        1
      67       45      168        1
      45      134      168        1
      45      113      134        1
     134       64      168        1
      64      134      199        1
      64      199      235        1
     163       64      235        1
      92       64      163        1
      92      163      214        1
      37      163      235        1
     163       37      214        1
      36       37      235        1
      35       36      155        1
     155       36      235        1
     199      155      235        1
      71      155      199        1
     155       71      191        1
      71      131      191        1
      35      155      191        1
     110       35      191        1
      34       35      110        1
      34      110      208        1
     110       77      208        1
      77      110      131        1
     131      110      191        1
     205      131      216        1
      48      205      216        1
      77      131      205        1
      99       77      205        1
      48       99      205        1
      99      171      219        1
      99       48      171        1
     153       48      216        1
     117       48      153        1
      59      117      153        1
      59      153      190        1
     190      153      216        1
     131       71      216        1
      71      190      216        1
     190       71      199        1
     134      190      199        1
     134       59      190        1
     113       59      134        1
      51       59      113        1
     117       51      201        1
      59       51      117        1
      51      179      201        1
      51      101      179        1
      85       51      113        1
      51       85      101        1
     101       85      202        1
      41      101      202        1
      41       93      101        1
      93       74      101        1
     101       74      179        1
      74       80      179        1
      74       42       80        1
      74       93      234        1
     149       74      234        1
      91       42      149        1
      42       74      149        1
      80       42      100        1
     179       80      201        1
      80      117      201        1
     117       80      171        1
      48      117      171        1
      80      100      171        1
     171      100      219        1
     100      182      219        1
     182       54      219        1
      54      182      196        1
     182       89      196        1
     144       89      182        1
     100      144      182        1
     100       42      144        1
      42       91      144        1
      91      149      187        1
      63       91      121        1
      91       63      144        1
      63       89      144        1
      89      162      176        1
      89       63      162        1
     161       63      220        1
      63      161      162        1
     161       18      162        1
      18       19      162        1
     162       19      176        1
      19       20      176        1
     176       20      186        1
      89      176      186        1
      89      186      196        1
     196      186      232        1
     108       54      196        1
     108      196      232        1
     186       20      232        1
      20       21      232        1
      21      108      232        1
     108       21      129        1
      21       22      129        1
      70      129      223        1
     129       70      183        1
     108      129      183        1
      54      108      183        1
      99       54      183        1
      54       99      219        1
     173       99      183        1
      77       99      173        1
      70      173      183        1
     147       70      212        1
      70      147      173        1
      77      173      208        1
     173      147      208        1
     147       33      208        1
      33       34      208        1
      32       33      147        1
     151       32      212        1
      32      147      212        1
     212       70      223        1
     151      212      223        1
      22      151      223        1
     129       22      223        1
      22        3      151        1
       3       32      151        1
